0 0.74140625 0.45625 0.05 0.19765625
0 0.9703125 0.59296875 0.0578125 0.2078125
0 0.79140625 0.478125 0.06640625 0.19921875
0 0.92265625 0.58359375 0.0640625 0.2140625
0 0.95625 0.47890625 0.0390625 0.0734375
0 0.54296875 0.85859375 0.08828125 0.28046875
0 0.9390625 0.4015625 0.02578125 0.14140625
0 0.78046875 0.73359375 0.08828125 0.31015625
0 0.65703125 0.4859375 0.053125 0.221875
0 0.88984375 0.5578125 0.04375 0.14765625
0 0.81875 0.40390625 0.0328125 0.1140625
0 0.73984375 0.64921875 0.06640625 0.23125
0 0.86171875 0.7125 0.08828125 0.2828125
0 0.59375 0.4390625 0.03671875 0.19609375
0 0.76171875 0.3734375 0.02734375 0.07578125
0 0.83125 0.91953125 0.103125 0.1609375
0 0.32265625 0.71796875 0.065625 0.25703125
0 0.53671875 0.7390625 0.0359375 0.065625
0 0.68203125 0.4546875 0.046875 0.19375
0 0.84453125 0.4984375 0.05078125 0.20703125
0 0.8375 0.34921875 0.0296875 0.09375
0 0.90703125 0.40390625 0.03046875 0.1296875
0 0.8796875 0.34765625 0.03515625 0.11953125
0 0.271875 0.31875 0.021875 0.0640625
0 0.69375 0.2734375 0.03125 0.1015625
0 0.86328125 0.40859375 0.03359375 0.13203125
0 0.89921875 0.87890625 0.08828125 0.2359375
0 0.53203125 0.6234375 0.02890625 0.0453125
0 0.121875 0.50625 0.0328125 0.0859375
0 0.09609375 0.51328125 0.0421875 0.0921875
0 0.61015625 0.83515625 0.078125 0.31640625
0 0.10625 0.57421875 0.059375 0.18984375
0 0.07890625 0.63125 0.0578125 0.1515625
0 0.2125 0.54921875 0.07265625 0.17734375
0 0.24375 0.74765625 0.0296875 0.04921875
0 0.18125 0.46328125 0.025 0.0640625
0 0.3734375 0.72265625 0.0375 0.05234375
0 0.65078125 0.396875 0.04296875 0.125
0 0.215625 0.45 0.025 0.06640625
0 0.14765625 0.8078125 0.08046875 0.16171875
0 0.1609375 0.571875 0.03828125 0.15078125
0 0.05625 0.878125 0.08828125 0.24296875
0 0.27734375 0.55234375 0.04375 0.12890625
0 0.32578125 0.9390625 0.15625 0.1046875
0 0.925 0.4265625 0.02578125 0.0953125
0 0.21796875 0.41953125 0.021875 0.04765625
0 0.8 0.334375 0.03828125 0.10859375
0 0.54921875 0.4671875 0.0265625 0.0453125
0 0.475 0.5015625 0.0625 0.1796875
0 0.840625 0.303125 0.02421875 0.06796875
0 0.66796875 0.25859375 0.03046875 0.10234375
0 0.11953125 0.753125 0.03125 0.0515625
0 0.31953125 0.29375 0.0171875 0.0875
0 0.225 0.49921875 0.0375 0.13125
0 0.690625 0.3734375 0.034375 0.1140625
0 0.26484375 0.81953125 0.07890625 0.19375
0 0.76328125 0.34296875 0.01796875 0.01796875
0 0.3859375 0.803125 0.06328125 0.2203125
0 0.25390625 0.50546875 0.03984375 0.13671875
0 0.96484375 0.8875 0.06796875 0.21640625
0 0.03203125 0.6078125 0.03828125 0.10234375
0 0.2421875 0.378125 0.03046875 0.0546875
0 0.30078125 0.33984375 0.0203125 0.04765625
0 0.421875 0.8984375 0.06640625 0.20234375
0 0.05625 0.5 0.02578125 0.05
0 0.04765625 0.58125 0.0359375 0.09609375
0 0.11953125 0.42734375 0.03046875 0.09921875
0 0.8890625 0.8265625 0.03828125 0.0546875
0 0.13671875 0.57421875 0.04453125 0.1046875
0 0.2421875 0.4640625 0.02265625 0.05625
0 0.01484375 0.7046875 0.02890625 0.0703125
0 0.7328125 0.35234375 0.021875 0.04140625
0 0.13203125 0.9421875 0.071875 0.11328125
0 0.41015625 0.83671875 0.0375 0.059375
0 0.509375 0.32421875 0.03359375 0.04453125
0 0.18125 0.8890625 0.04140625 0.0421875