0 0.49140625 0.34921875 0.02578125 0.0703125
0 0.6953125 0.4703125 0.03671875 0.1109375
0 0.4796875 0.54296875 0.046875 0.11953125
0 0.42890625 0.4140625 0.02890625 0.078125
0 0.615625 0.3578125 0.02890625 0.06015625
0 0.6375 0.45 0.03359375 0.090625
0 0.80078125 0.4921875 0.0359375 0.09765625
0 0.67578125 0.3375 0.02421875 0.05625
0 0.91875 0.38359375 0.0234375 0.07421875
0 0.5171875 0.35 0.02578125 0.059375
0 0.8578125 0.36328125 0.02578125 0.06484375
0 0.41171875 0.5265625 0.0296875 0.1015625
0 0.8890625 0.409375 0.02578125 0.07109375
0 0.928125 0.690625 0.05078125 0.13125
0 0.66875 0.4015625 0.0296875 0.06328125
0 0.53125 0.384375 0.0328125 0.07734375
0 0.83359375 0.36484375 0.0296875 0.07578125
0 0.64140625 0.36328125 0.02734375 0.05390625
0 0.7 0.3375 0.025 0.05546875
0 0.8625 0.40546875 0.0265625 0.06875
0 0.6953125 0.36953125 0.028125 0.06015625
0 0.51796875 0.41875 0.0375 0.075
0 0.803125 0.3609375 0.02890625 0.0734375
0 0.45625 0.4140625 0.034375 0.07890625
0 0.87578125 0.453125 0.03125 0.0828125
0 0.6703125 0.303125 0.028125 0.0546875
0 0.84140625 0.5046875 0.04609375 0.10234375
0 0.759375 0.64140625 0.0671875 0.11796875
0 0.63125 0.32734375 0.02265625 0.05078125
0 0.90078125 0.58984375 0.03984375 0.10390625
0 0.9640625 0.684375 0.0453125 0.19375
0 0.66875 0.3671875 0.02734375 0.05625
0 0.61640625 0.5953125 0.04921875 0.11640625
0 0.77421875 0.4234375 0.0390625 0.07734375
0 0.4875 0.41796875 0.0296875 0.08359375
0 0.60390625 0.49609375 0.0328125 0.0953125
0 0.62421875 0.51875 0.04453125 0.10390625
0 0.428125 0.740625 0.07265625 0.28671875
0 0.534375 0.48515625 0.0375 0.1015625
0 0.74921875 0.3515625 0.02578125 0.0703125
0 0.56796875 0.4921875 0.040625 0.1046875
0 0.79375 0.4015625 0.028125 0.075
0 0.76484375 0.48671875 0.0390625 0.096875
0 0.90625 0.45078125 0.034375 0.07890625
0 0.6484375 0.3359375 0.02421875 0.05234375
0 0.60234375 0.33671875 0.02109375 0.0515625
0 0.49765625 0.309375 0.025 0.05546875
0 0.609375 0.42734375 0.02890625 0.07890625
0 0.72578125 0.3828125 0.0296875 0.07109375
0 0.9359375 0.47421875 0.02890625 0.08828125
0 0.74140625 0.43125 0.03203125 0.08828125
0 0.4640625 0.4703125 0.03203125 0.0859375
0 0.5234375 0.55078125 0.05703125 0.11875
0 0.77265625 0.35 0.0265625 0.05234375
0 0.9453125 0.61796875 0.03828125 0.08515625
0 0.7828125 0.55546875 0.0484375 0.1046875
0 0.7015625 0.4078125 0.03671875 0.07265625
0 0.8453125 0.4390625 0.03046875 0.0625
0 0.94296875 0.54296875 0.0359375 0.07890625
0 0.66171875 0.521875 0.03984375 0.10234375
0 0.509375 0.46796875 0.03125 0.08984375
0 0.52109375 0.3171875 0.02265625 0.04140625
0 0.5625 0.32265625 0.02109375 0.0453125
0 0.08203125 0.559375 0.01796875 0.04453125
0 0.58359375 0.39609375 0.02890625 0.075
0 0.81171875 0.59296875 0.05546875 0.10546875
0 0.875 0.690625 0.06875 0.12109375
0 0.7375 0.540625 0.04765625 0.10703125
0 0.72578125 0.46875 0.0375 0.08671875
0 0.109375 0.58984375 0.0421875 0.071875
0 0.56171875 0.39140625 0.02734375 0.0765625
0 0.1890625 0.48046875 0.0453125 0.096875
0 0.7640625 0.384375 0.0265625 0.06484375
0 0.72421875 0.34140625 0.0234375 0.06015625
0 0.18515625 0.43359375 0.015625 0.03203125
0 0.66328125 0.61171875 0.0453125 0.11328125
0 0.6671875 0.4578125 0.03203125 0.07890625
0 0.1046875 0.465625 0.0359375 0.059375
0 0.44375 0.53828125 0.0375 0.1109375
0 0.05703125 0.61328125 0.046875 0.1046875
0 0.8140625 0.6640625 0.059375 0.1109375
0 0.321875 0.33359375 0.015625 0.0375
0 0.025 0.7375 0.04921875 0.12109375
0 0.29375 0.34765625 0.01640625 0.0375
0 0.0640625 0.5828125 0.02265625 0.06015625
0 0.23125 0.3921875 0.02890625 0.046875
0 0.27890625 0.3671875 0.01875 0.03203125
0 0.3140625 0.33984375 0.015625 0.0359375
0 0.9140625 0.51171875 0.034375 0.078125
0 0.703125 0.52421875 0.03359375 0.0984375
0 0.0125 0.71171875 0.025 0.0640625