0 0.50859375 0.34921875 0.02578125 0.0703125
0 0.3046875 0.4703125 0.03671875 0.1109375
0 0.5203125 0.54296875 0.046875 0.11953125
0 0.57109375 0.4140625 0.02890625 0.078125
0 0.384375 0.3578125 0.02890625 0.06015625
0 0.3625 0.45 0.03359375 0.090625
0 0.19921875 0.4921875 0.0359375 0.09765625
0 0.32421875 0.3375 0.02421875 0.05625
0 0.08125 0.38359375 0.0234375 0.07421875
0 0.4828125 0.35 0.02578125 0.059375
0 0.1421875 0.36328125 0.02578125 0.06484375
0 0.58828125 0.5265625 0.0296875 0.1015625
0 0.1109375 0.409375 0.02578125 0.07109375
0 0.071875 0.690625 0.05078125 0.13125
0 0.33125 0.4015625 0.0296875 0.06328125
0 0.46875 0.384375 0.0328125 0.07734375
0 0.16640625 0.36484375 0.0296875 0.07578125
0 0.35859375 0.36328125 0.02734375 0.05390625
0 0.3 0.3375 0.025 0.05546875
0 0.1375 0.40546875 0.0265625 0.06875
0 0.3046875 0.36953125 0.028125 0.06015625
0 0.48203125 0.41875 0.0375 0.075
0 0.196875 0.3609375 0.02890625 0.0734375
0 0.54375 0.4140625 0.034375 0.07890625
0 0.12421875 0.453125 0.03125 0.0828125
0 0.3296875 0.303125 0.028125 0.0546875
0 0.15859375 0.5046875 0.04609375 0.10234375
0 0.240625 0.64140625 0.0671875 0.11796875
0 0.36875 0.32734375 0.02265625 0.05078125
0 0.09921875 0.58984375 0.03984375 0.10390625
0 0.0359375 0.684375 0.0453125 0.19375
0 0.33125 0.3671875 0.02734375 0.05625
0 0.38359375 0.5953125 0.04921875 0.11640625
0 0.22578125 0.4234375 0.0390625 0.07734375
0 0.5125 0.41796875 0.0296875 0.08359375
0 0.39609375 0.49609375 0.0328125 0.0953125
0 0.37578125 0.51875 0.04453125 0.10390625
0 0.571875 0.740625 0.07265625 0.28671875
0 0.465625 0.48515625 0.0375 0.1015625
0 0.25078125 0.3515625 0.02578125 0.0703125
0 0.43203125 0.4921875 0.040625 0.1046875
0 0.20625 0.4015625 0.028125 0.075
0 0.23515625 0.48671875 0.0390625 0.096875
0 0.09375 0.45078125 0.034375 0.07890625
0 0.3515625 0.3359375 0.02421875 0.05234375
0 0.39765625 0.33671875 0.02109375 0.0515625
0 0.50234375 0.309375 0.025 0.05546875
0 0.390625 0.42734375 0.02890625 0.07890625
0 0.27421875 0.3828125 0.0296875 0.07109375
0 0.0640625 0.47421875 0.02890625 0.08828125
0 0.25859375 0.43125 0.03203125 0.08828125
0 0.5359375 0.4703125 0.03203125 0.0859375
0 0.4765625 0.55078125 0.05703125 0.11875
0 0.22734375 0.35 0.0265625 0.05234375
0 0.0546875 0.61796875 0.03828125 0.08515625
0 0.2171875 0.55546875 0.0484375 0.1046875
0 0.2984375 0.4078125 0.03671875 0.07265625
0 0.1546875 0.4390625 0.03046875 0.0625
0 0.05703125 0.54296875 0.0359375 0.07890625
0 0.33828125 0.521875 0.03984375 0.10234375
0 0.490625 0.46796875 0.03125 0.08984375
0 0.47890625 0.3171875 0.02265625 0.04140625
0 0.4375 0.32265625 0.02109375 0.0453125
0 0.91796875 0.559375 0.01796875 0.04453125
0 0.41640625 0.39609375 0.02890625 0.075
0 0.18828125 0.59296875 0.05546875 0.10546875
0 0.125 0.690625 0.06875 0.12109375
0 0.2625 0.540625 0.04765625 0.10703125
0 0.27421875 0.46875 0.0375 0.08671875
0 0.890625 0.58984375 0.0421875 0.071875
0 0.43828125 0.39140625 0.02734375 0.0765625
0 0.8109375 0.48046875 0.0453125 0.096875
0 0.2359375 0.384375 0.0265625 0.06484375
0 0.27578125 0.34140625 0.0234375 0.06015625
0 0.81484375 0.43359375 0.015625 0.03203125
0 0.33671875 0.61171875 0.0453125 0.11328125
0 0.3328125 0.4578125 0.03203125 0.07890625
0 0.8953125 0.465625 0.0359375 0.059375
0 0.55625 0.53828125 0.0375 0.1109375
0 0.94296875 0.61328125 0.046875 0.1046875
0 0.1859375 0.6640625 0.059375 0.1109375
0 0.678125 0.33359375 0.015625 0.0375
0 0.975 0.7375 0.04921875 0.12109375
0 0.70625 0.34765625 0.01640625 0.0375
0 0.9359375 0.5828125 0.02265625 0.06015625
0 0.76875 0.3921875 0.02890625 0.046875
0 0.72109375 0.3671875 0.01875 0.03203125
0 0.6859375 0.33984375 0.015625 0.0359375
0 0.0859375 0.51171875 0.034375 0.078125
0 0.296875 0.52421875 0.03359375 0.0984375
0 0.9875 0.71171875 0.025 0.0640625