0 0.11328125 0.39609375 0.0359375 0.1453125
0 0.72578125 0.353125 0.021875 0.05625
0 0.64296875 0.74609375 0.07109375 0.2609375
0 0.615625 0.60078125 0.0625 0.234375
0 0.3546875 0.36484375 0.05546875 0.12578125
0 0.11953125 0.5578125 0.06171875 0.21015625
0 0.37890625 0.584375 0.0609375 0.2609375
0 0.63828125 0.3890625 0.04296875 0.103125
0 0.33046875 0.56953125 0.059375 0.24609375
0 0.08046875 0.32734375 0.02578125 0.06640625
0 0.25078125 0.571875 0.07109375 0.23984375
0 0.2953125 0.53359375 0.0515625 0.20859375
0 0.94375 0.559375 0.04375 0.1453125
0 0.978125 0.590625 0.03984375 0.15078125
0 0.08125 0.38515625 0.0328125 0.10703125
0 0.1515625 0.43359375 0.04296875 0.20078125
0 0.28984375 0.353125 0.05546875 0.15234375
0 0.84375 0.93125 0.04140625 0.05625
0 0.4828125 0.66796875 0.065625 0.23984375
0 0.40625 0.453125 0.0609375 0.134375
0 0.68046875 0.33671875 0.02109375 0.03671875
0 0.90234375 0.87890625 0.10390625 0.23125
0 0.8640625 0.47421875 0.028125 0.0765625
0 0.91171875 0.55 0.0421875 0.1390625
0 0.04921875 0.5328125 0.05078125 0.20078125
0 0.4421875 0.3921875 0.0484375 0.1359375
0 0.68046875 0.56953125 0.0375 0.115625
0 0.41015625 0.65 0.09140625 0.2421875
0 0.2328125 0.32109375 0.03046875 0.109375
0 0.79453125 0.53984375 0.046875 0.1734375
0 0.6171875 0.4421875 0.025 0.0703125
0 0.22734375 0.42109375 0.0484375 0.13671875
0 0.57109375 0.59140625 0.0453125 0.2203125
0 0.5375 0.515625 0.04453125 0.1921875
0 0.82265625 0.56328125 0.053125 0.15234375
0 0.88828125 0.50703125 0.0390625 0.13125
0 0.0265625 0.86953125 0.053125 0.2421875
0 0.41484375 0.3515625 0.040625 0.096875
0 0.3046875 0.25078125 0.02421875 0.04453125
0 0.7046875 0.34921875 0.02734375 0.05703125
0 0.4921875 0.46953125 0.0359375 0.1140625
0 0.25625 0.9171875 0.0921875 0.1609375
0 0.2609375 0.3234375 0.028125 0.12421875
0 0.46328125 0.4625 0.04765625 0.103125
0 0.76171875 0.5484375 0.0390625 0.0921875
0 0.525 0.390625 0.053125 0.11875
0 0.43828125 0.2703125 0.0265625 0.0515625
0 0.72265625 0.49921875 0.03828125 0.071875
0 0.70625 0.56640625 0.04609375 0.0953125
0 0.28046875 0.26875 0.01875 0.0453125
0 0.65078125 0.46953125 0.03671875 0.09765625
0 0.909375 0.4890625 0.0296875 0.103125
0 0.715625 0.69375 0.0578125 0.22578125
0 0.2703125 0.44375 0.0390625 0.11796875
0 0.4921875 0.3234375 0.03828125 0.08046875
0 0.93125 0.48046875 0.0265625 0.053125
0 0.83046875 0.47734375 0.0359375 0.075
0 0.76875 0.47734375 0.0359375 0.075
0 0.52578125 0.4875 0.02890625 0.08359375
0 0.759375 0.6265625 0.04375 0.175
0 0.14140625 0.965625 0.04453125 0.06796875
0 0.0765625 0.8796875 0.08984375 0.2296875
0 0.32265625 0.34296875 0.04375 0.12265625
0 0.22421875 0.3234375 0.0203125 0.04453125
0 0.97890625 0.7359375 0.04140625 0.11796875
0 0.7375 0.4609375 0.0234375 0.053125
0 0.89296875 0.45703125 0.025 0.05390625
0 0.53359375 0.309375 0.034375 0.07890625
0 0.7625 0.384375 0.01796875 0.0390625
0 0.67578125 0.97109375 0.04296875 0.05625
0 0.0703125 0.46875 0.04921875 0.190625
0 0.50390625 0.51640625 0.04609375 0.14453125
0 0.45390625 0.54765625 0.05 0.2234375
0 0.2296875 0.88046875 0.04140625 0.08984375
0 0.5546875 0.4796875 0.034375 0.109375
0 0.0875 0.5453125 0.0515625 0.19453125
0 0.7890625 0.46953125 0.02890625 0.06328125
0 0.6953125 0.76640625 0.04765625 0.10546875
0 0.94375 0.784375 0.0265625 0.04765625
0 0.659375 0.6859375 0.0640625 0.096875
0 0.1484375 0.4125 0.02890625 0.0546875
0 0.2671875 0.303125 0.02109375 0.03359375
0 0.334375 0.26796875 0.02109375 0.02578125
0 0.05 0.803125 0.03515625 0.08671875
0 0.6296875 0.2515625 0.0171875 0.02734375
0 0.83359375 0.628125 0.0515625 0.13671875
0 0.82578125 0.97890625 0.0515625 0.0421875