0 0.25859375 0.45625 0.05 0.19765625
0 0.0296875 0.59296875 0.0578125 0.2078125
0 0.20859375 0.478125 0.06640625 0.19921875
0 0.07734375 0.58359375 0.0640625 0.2140625
0 0.04375 0.47890625 0.0390625 0.0734375
0 0.45703125 0.85859375 0.08828125 0.28046875
0 0.0609375 0.4015625 0.02578125 0.14140625
0 0.21953125 0.73359375 0.08828125 0.31015625
0 0.34296875 0.4859375 0.053125 0.221875
0 0.11015625 0.5578125 0.04375 0.14765625
0 0.18125 0.40390625 0.0328125 0.1140625
0 0.26015625 0.64921875 0.06640625 0.23125
0 0.13828125 0.7125 0.08828125 0.2828125
0 0.40625 0.4390625 0.03671875 0.19609375
0 0.23828125 0.3734375 0.02734375 0.07578125
0 0.16875 0.91953125 0.103125 0.1609375
0 0.67734375 0.71796875 0.065625 0.25703125
0 0.46328125 0.7390625 0.0359375 0.065625
0 0.31796875 0.4546875 0.046875 0.19375
0 0.15546875 0.4984375 0.05078125 0.20703125
0 0.1625 0.34921875 0.0296875 0.09375
0 0.09296875 0.40390625 0.03046875 0.1296875
0 0.1203125 0.34765625 0.03515625 0.11953125
0 0.728125 0.31875 0.021875 0.0640625
0 0.30625 0.2734375 0.03125 0.1015625
0 0.13671875 0.40859375 0.03359375 0.13203125
0 0.10078125 0.87890625 0.08828125 0.2359375
0 0.46796875 0.6234375 0.02890625 0.0453125
0 0.878125 0.50625 0.0328125 0.0859375
0 0.90390625 0.51328125 0.0421875 0.0921875
0 0.38984375 0.83515625 0.078125 0.31640625
0 0.89375 0.57421875 0.059375 0.18984375
0 0.92109375 0.63125 0.0578125 0.1515625
0 0.7875 0.54921875 0.07265625 0.17734375
0 0.75625 0.74765625 0.0296875 0.04921875
0 0.81875 0.46328125 0.025 0.0640625
0 0.6265625 0.72265625 0.0375 0.05234375
0 0.34921875 0.396875 0.04296875 0.125
0 0.784375 0.45 0.025 0.06640625
0 0.85234375 0.8078125 0.08046875 0.16171875
0 0.8390625 0.571875 0.03828125 0.15078125
0 0.94375 0.878125 0.08828125 0.24296875
0 0.72265625 0.55234375 0.04375 0.12890625
0 0.67421875 0.9390625 0.15625 0.1046875
0 0.075 0.4265625 0.02578125 0.0953125
0 0.78203125 0.41953125 0.021875 0.04765625
0 0.2 0.334375 0.03828125 0.10859375
0 0.45078125 0.4671875 0.0265625 0.0453125
0 0.525 0.5015625 0.0625 0.1796875
0 0.159375 0.303125 0.02421875 0.06796875
0 0.33203125 0.25859375 0.03046875 0.10234375
0 0.88046875 0.753125 0.03125 0.0515625
0 0.68046875 0.29375 0.0171875 0.0875
0 0.775 0.49921875 0.0375 0.13125
0 0.309375 0.3734375 0.034375 0.1140625
0 0.73515625 0.81953125 0.07890625 0.19375
0 0.23671875 0.34296875 0.01796875 0.01796875
0 0.6140625 0.803125 0.06328125 0.2203125
0 0.74609375 0.50546875 0.03984375 0.13671875
0 0.03515625 0.8875 0.06796875 0.21640625
0 0.96796875 0.6078125 0.03828125 0.10234375
0 0.7578125 0.378125 0.03046875 0.0546875
0 0.69921875 0.33984375 0.0203125 0.04765625
0 0.578125 0.8984375 0.06640625 0.20234375
0 0.94375 0.5 0.02578125 0.05
0 0.95234375 0.58125 0.0359375 0.09609375
0 0.88046875 0.42734375 0.03046875 0.09921875
0 0.1109375 0.8265625 0.03828125 0.0546875
0 0.86328125 0.57421875 0.04453125 0.1046875
0 0.7578125 0.4640625 0.02265625 0.05625
0 0.98515625 0.7046875 0.02890625 0.0703125
0 0.2671875 0.35234375 0.021875 0.04140625
0 0.86796875 0.9421875 0.071875 0.11328125
0 0.58984375 0.83671875 0.0375 0.059375
0 0.490625 0.32421875 0.03359375 0.04453125
0 0.81875 0.8890625 0.04140625 0.0421875