0 0.78203125 0.86796875 0.10390625 0.2640625
0 0.4578125 0.51015625 0.053125 0.2015625
0 0.85078125 0.3890625 0.046875 0.18046875
0 0.6296875 0.84453125 0.10546875 0.31015625
0 0.3265625 0.478125 0.05 0.18359375
0 0.40859375 0.49921875 0.05078125 0.19765625
0 0.575 0.5015625 0.053125 0.19296875
0 0.91328125 0.48046875 0.04375 0.13828125
0 0.2359375 0.56796875 0.0625 0.1859375
0 0.94453125 0.50703125 0.05234375 0.13359375
0 0.72578125 0.77421875 0.08203125 0.29453125
0 0.5359375 0.4109375 0.0546875 0.18203125
0 0.0203125 0.634375 0.040625 0.196875
0 0.0796875 0.5609375 0.05625 0.14609375
0 0.871875 0.384375 0.01875 0.109375
0 0.76953125 0.48515625 0.05390625 0.203125
0 0.55234375 0.82109375 0.08984375 0.3296875
0 0.5 0.4390625 0.0421875 0.19375
0 0.91953125 0.39609375 0.03359375 0.10078125
0 0.9671875 0.88203125 0.065625 0.228125
0 0.46328125 0.3953125 0.034375 0.13515625
0 0.88203125 0.6984375 0.0515625 0.146875
0 0.29140625 0.52578125 0.06015625 0.21328125
0 0.9359375 0.603125 0.05 0.12890625
0 0.63046875 0.3921875 0.0359375 0.16328125
0 0.203125 0.5359375 0.0515625 0.17734375
0 0.98046875 0.53984375 0.03828125 0.15
0 0.26015625 0.51328125 0.0515625 0.18671875
0 0.9703125 0.728125 0.05859375 0.1609375
0 0.81640625 0.50703125 0.05 0.13046875
0 0.8140625 0.3984375 0.0328125 0.11328125
0 0.66484375 0.39609375 0.05625 0.18828125
0 0.14765625 0.496875 0.0453125 0.09921875
0 0.54375 0.2578125 0.021875 0.05546875
0 0.86015625 0.559375 0.0578125 0.121875
0 0.8078125 0.60703125 0.04765625 0.134375
0 0.7390625 0.3609375 0.0359375 0.0703125
0 0.846875 0.7578125 0.0734375 0.1796875
0 0.6875 0.27578125 0.02734375 0.09453125
0 0.58125 0.309375 0.03125 0.0984375
0 0.21484375 0.47890625 0.0328125 0.0734375
0 0.77265625 0.34609375 0.0359375 0.078125
0 0.72578125 0.4328125 0.03203125 0.0953125
0 0.97890625 0.63828125 0.0421875 0.1046875
0 0.73046875 0.521875 0.06484375 0.13359375
0 0.375 0.4375 0.0421875 0.11328125
0 0.6640625 0.24765625 0.0265625 0.06953125
0 0.48359375 0.26171875 0.01953125 0.03984375
0 0.50859375 0.25859375 0.01640625 0.03359375
0 0.78046875 0.4015625 0.04609375 0.146875
0 0.78203125 0.74609375 0.07109375 0.1640625
0 0.3203125 0.33515625 0.0171875 0.0375
0 0.15546875 0.58203125 0.05234375 0.184375
0 0.175 0.47890625 0.01875 0.06953125
0 0.92421875 0.76640625 0.065625 0.215625
0 0.8984375 0.5890625 0.034375 0.0875
0 0.73828125 0.646875 0.07734375 0.12109375
0 0.27578125 0.3546875 0.01953125 0.04453125
0 0.03359375 0.57734375 0.0453125 0.16328125
0 0.5578125 0.4453125 0.04765625 0.10859375
0 0.603125 0.425 0.02578125 0.08046875
0 0.840625 0.9125 0.0859375 0.16953125
0 0.76640625 0.665625 0.03046875 0.07109375