0 0.3359375 0.25 0.03125 0.071875
0 0.246875 0.859375 0.09765625 0.2671875
0 0.72265625 0.3546875 0.0203125 0.0515625
0 0.709375 0.553125 0.0546875 0.20859375
0 0.1796875 0.3734375 0.0390625 0.1203125
0 0.6984375 0.34140625 0.01484375 0.040625
0 0.7765625 0.59609375 0.065625 0.21171875
0 0.06875 0.5046875 0.04453125 0.1609375
0 0.396875 0.390625 0.04609375 0.1140625
0 0.590625 0.43203125 0.03828125 0.1515625
0 0.4 0.3109375 0.03515625 0.07890625
0 0.4859375 0.3125 0.02265625 0.05078125
0 0.5578125 0.475 0.0484375 0.20546875
0 0.81484375 0.5875 0.059375 0.20234375
0 0.746875 0.56171875 0.0546875 0.20625
0 0.1125 0.484375 0.05625 0.16640625
0 0.4796875 0.48203125 0.0578125 0.2078125
0 0.45390625 0.36171875 0.04765625 0.128125
0 0.23515625 0.475 0.0453125 0.1828125
0 0.05 0.446875 0.0359375 0.128125
0 0.3125 0.29140625 0.02734375 0.12734375
0 0.196875 0.41640625 0.040625 0.11953125
0 0.9296875 0.55625 0.0453125 0.13984375
0 0.346875 0.4171875 0.05078125 0.17890625
0 0.86171875 0.503125 0.0390625 0.12109375
0 0.421875 0.4921875 0.05625 0.2125
0 0.828125 0.41171875 0.028125 0.0765625
0 0.68671875 0.471875 0.04140625 0.16171875
0 0.040625 0.92890625 0.078125 0.1390625
0 0.24140625 0.346875 0.0265625 0.08359375
0 0.490625 0.36796875 0.0390625 0.09375
0 0.83515625 0.7015625 0.06796875 0.21875
0 0.2609375 0.35390625 0.04296875 0.08359375
0 0.82578125 0.49921875 0.0296875 0.11484375
0 0.7625 0.49140625 0.046875 0.1125
0 0.078125 0.409375 0.03671875 0.134375
0 0.6796875 0.33125 0.01875 0.04609375
0 0.2921875 0.45390625 0.040625 0.12890625
0 0.98125 0.58671875 0.0375 0.1609375
0 0.38359375 0.646875 0.0484375 0.2375
0 0.08046875 0.75625 0.053125 0.3125
0 0.44921875 0.27578125 0.03828125 0.07890625
0 0.04296875 0.565625 0.0390625 0.11953125
0 0.33828125 0.6359375 0.05546875 0.24296875
0 0.2328125 0.590625 0.05078125 0.23515625
0 0.090625 0.59921875 0.046875 0.12578125
0 0.18125 0.48515625 0.04375 0.121875
0 0.2828125 0.59453125 0.05390625 0.23671875
0 0.69921875 0.4265625 0.03046875 0.0625
0 0.784375 0.47109375 0.0375 0.08203125
0 0.13203125 0.58515625 0.04609375 0.125
0 0.62890625 0.46015625 0.05078125 0.16640625
0 0.778125 0.39296875 0.021875 0.053125
0 0.203125 0.7234375 0.0578125 0.10859375
0 0.14375 0.43359375 0.03828125 0.175
0 0.5890625 0.34140625 0.040625 0.0609375
0 0.22109375 0.36328125 0.0265625 0.075
0 0.90703125 0.50390625 0.04609375 0.13203125
0 0.1234375 0.83671875 0.075 0.31328125
0 0.74140625 0.4546875 0.034375 0.05390625
0 0.175 0.73828125 0.0609375 0.290625
0 0.84609375 0.61953125 0.04765625 0.0734375
0 0.034375 0.665625 0.046875 0.09765625
0 0.52890625 0.46640625 0.0484375 0.1984375
0 0.97734375 0.7078125 0.04453125 0.17890625
0 0.2671875 0.42421875 0.03828125 0.11640625
0 0.059375 0.6078125 0.03046875 0.09921875
0 0.4203125 0.44921875 0.040625 0.07734375
0 0.01796875 0.6125 0.03515625 0.06953125
0 0.21875 0.5109375 0.028125 0.0765625
0 0.79609375 0.40703125 0.02578125 0.075
0 0.8953125 0.53046875 0.028125 0.06484375
0 0.97109375 0.5609375 0.0375 0.075
0 0.90390625 0.4796875 0.028125 0.04609375
0 0.428125 0.40703125 0.04453125 0.08046875
0 0.328125 0.35 0.03671875 0.0671875
0 0.04375 0.81875 0.0640625 0.1140625
0 0.33203125 0.55390625 0.04296875 0.0703125
0 0.71484375 0.503125 0.03984375 0.0828125
0 0.3640625 0.59453125 0.03203125 0.08359375
0 0.18671875 0.959375 0.07890625 0.0796875
0 0.11640625 0.75078125 0.046875 0.13359375
0 0.0140625 0.79921875 0.0265625 0.08125
0 0.33828125 0.3015625 0.0375 0.05234375
0 0.48046875 0.44609375 0.0421875 0.08203125
0 0.19453125 0.5578125 0.0375 0.07578125
0 0.56328125 0.37109375 0.01796875 0.01640625
0 0.96328125 0.61875 0.03828125 0.0921875