0 0.5890625 0.52578125 0.02890625 0.1015625
0 0.4765625 0.54609375 0.05703125 0.121875
0 0.51953125 0.54375 0.04609375 0.11875
0 0.2578125 0.42890625 0.03203125 0.08671875
0 0.57109375 0.4140625 0.02890625 0.078125
0 0.25078125 0.3515625 0.02578125 0.06796875
0 0.55703125 0.5390625 0.0375 0.109375
0 0.12421875 0.45546875 0.03125 0.07734375
0 0.32421875 0.33515625 0.02421875 0.053125
0 0.3 0.33828125 0.02578125 0.0546875
0 0.15859375 0.50390625 0.0453125 0.10390625
0 0.3296875 0.3015625 0.02734375 0.0515625
0 0.48203125 0.41875 0.03828125 0.07578125
0 0.384375 0.35703125 0.02890625 0.059375
0 0.22578125 0.4203125 0.0375 0.07734375
0 0.5078125 0.35078125 0.0265625 0.07109375
0 0.33125 0.40078125 0.02890625 0.065625
0 0.1109375 0.409375 0.02421875 0.065625
0 0.08046875 0.3828125 0.02265625 0.06875
0 0.571875 0.740625 0.06953125 0.28984375
0 0.51328125 0.421875 0.02890625 0.08203125
0 0.39765625 0.334375 0.02109375 0.0515625
0 0.50234375 0.31640625 0.021875 0.0609375
0 0.459375 0.34921875 0.02421875 0.05078125
0 0.46875 0.38515625 0.0328125 0.07578125
0 0.3765625 0.5171875 0.04375 0.10859375
0 0.096875 0.5890625 0.040625 0.10234375
0 0.1375 0.4046875 0.02734375 0.06796875
0 0.3046875 0.3703125 0.02890625 0.0625
0 0.09453125 0.45703125 0.03515625 0.08359375
0 0.3625 0.446875 0.03203125 0.08984375
0 0.14296875 0.36328125 0.02421875 0.065625
0 0.35859375 0.3609375 0.0265625 0.05234375
0 0.54375 0.4140625 0.0328125 0.0828125
0 0.43984375 0.3921875 0.02890625 0.08046875
0 0.2984375 0.4078125 0.03671875 0.07734375
0 0.21484375 0.55546875 0.0453125 0.1046875
0 0.38515625 0.5921875 0.04765625 0.12421875
0 0.42890625 0.49375 0.04140625 0.1046875
0 0.06484375 0.471875 0.0296875 0.09140625
0 0.37109375 0.3265625 0.02265625 0.0484375
0 0.19453125 0.3578125 0.0296875 0.06953125
0 0.259375 0.5421875 0.05078125 0.1046875
0 0.2734375 0.4625 0.0375 0.0796875
0 0.125 0.68984375 0.0671875 0.11875
0 0.05703125 0.6203125 0.04296875 0.09140625
0 0.33359375 0.4546875 0.03125 0.0765625
0 0.19921875 0.4953125 0.03671875 0.09140625
0 0.2359375 0.3828125 0.02734375 0.06328125
0 0.24296875 0.6375 0.059375 0.13515625
0 0.0375 0.6828125 0.04609375 0.18984375
0 0.15546875 0.43984375 0.03046875 0.06015625
0 0.05625 0.54453125 0.03828125 0.07734375
0 0.46640625 0.4828125 0.034375 0.0984375
0 0.22890625 0.3453125 0.025 0.04375
0 0.071875 0.690625 0.04921875 0.13125
0 0.23359375 0.48359375 0.0359375 0.0984375
0 0.2046875 0.396875 0.02734375 0.0734375
0 0.30390625 0.45625 0.03828125 0.0859375
0 0.271875 0.3859375 0.02890625 0.0703125
0 0.421875 0.3328125 0.02109375 0.05078125
0 0.49140625 0.46796875 0.02890625 0.08984375
0 0.1109375 0.371875 0.025 0.0671875
0 0.34921875 0.33984375 0.0265625 0.05625
0 0.534375 0.46875 0.03203125 0.0953125
0 0.4796875 0.31875 0.02265625 0.04375
0 0.2765625 0.33828125 0.02265625 0.05703125
0 0.18671875 0.64765625 0.05859375 0.140625
0 0.33515625 0.60625 0.046875 0.12265625
0 0.4390625 0.32734375 0.0234375 0.04765625
0 0.38984375 0.409375 0.03125 0.08203125
0 0.396875 0.49375 0.03203125 0.09921875
0 0.3375 0.52265625 0.04453125 0.10546875
0 0.41640625 0.39921875 0.0265625 0.07109375
0 0.484375 0.35390625 0.02421875 0.0546875
0 0.3 0.52421875 0.0359375 0.09765625
0 0.94296875 0.625 0.0453125 0.08203125
0 0.16796875 0.36640625 0.03125 0.07578125
0 0.890625 0.58984375 0.04296875 0.071875
0 0.33046875 0.365625 0.02578125 0.04921875
0 0.08515625 0.50078125 0.0375 0.08125
0 0.975 0.73671875 0.0484375 0.1203125
0 0.69609375 0.34609375 0.0203125 0.04609375
0 0.8109375 0.47734375 0.04453125 0.1015625
0 0.81484375 0.43515625 0.0171875 0.0359375
0 0.71796875 0.35859375 0.021875 0.04609375
0 0.77421875 0.3875 0.02109375 0.046875
0 0.9875 0.71015625 0.025 0.0625
0 0.89609375 0.46640625 0.02890625 0.06171875
0 0.68359375 0.33515625 0.02421875 0.0484375
0 0.95390625 0.59609375 0.0203125 0.0671875
0 0.92265625 0.5875 0.028125 0.090625
0 0.90546875 0.5515625 0.028125 0.0390625
0 0.78125 0.46953125 0.0265625 0.0921875
0 0.20234375 0.45078125 0.02890625 0.05
0 0.934375 0.5703125 0.01953125 0.04140625
0 0.11875 0.6125 0.0328125 0.06171875
0 0.5265625 0.35390625 0.02265625 0.0625