0 0.9046875 0.8609375 0.03515625 0.06484375
0 0.046875 0.3875 0.028125 0.125
0 0.88046875 0.9140625 0.08515625 0.17109375
0 0.03515625 0.87578125 0.06875 0.24453125
0 0.034375 0.4625 0.03046875 0.0890625
0 0.86875 0.5203125 0.05625 0.1484375
0 0.678125 0.32421875 0.0203125 0.0625
0 0.53046875 0.86953125 0.09375 0.2578125
0 0.809375 0.97578125 0.0453125 0.0453125
0 0.55546875 0.78203125 0.03828125 0.0546875
0 0.1296875 0.88359375 0.04140625 0.0640625
0 0.0734375 0.48203125 0.04375 0.134375
0 0.1640625 0.4796875 0.0375 0.1125
0 0.2421875 0.6109375 0.05546875 0.2390625
0 0.32734375 0.43671875 0.028125 0.0671875
0 0.9015625 0.5375 0.04375 0.1484375
0 0.2015625 0.5109375 0.04296875 0.1265625
0 0.0796875 0.38515625 0.0296875 0.11875
0 0.309375 0.32265625 0.0359375 0.16015625
0 0.34375 0.86015625 0.096875 0.27265625
0 0.19765625 0.32578125 0.028125 0.1078125
0 0.15703125 0.4171875 0.03828125 0.1171875
0 0.3421875 0.328125 0.0328125 0.1421875
0 0.95703125 0.571875 0.046875 0.1453125
0 0.21171875 0.8078125 0.08203125 0.321875
0 0.1375 0.53828125 0.04765625 0.15859375
0 0.98125 0.5453125 0.0375 0.14296875
0 0.82421875 0.48125 0.01953125 0.078125
0 0.1359375 0.33359375 0.034375 0.090625
0 0.28359375 0.615625 0.04453125 0.24453125
0 0.22734375 0.35625 0.03515625 0.11875
0 0.0453125 0.6296875 0.07578125 0.23984375
0 0.709375 0.3484375 0.01484375 0.040625
0 0.92578125 0.53515625 0.04375 0.15234375
0 0.79375 0.36953125 0.03046875 0.10078125
0 0.39375 0.6625 0.0640625 0.2640625
0 0.203125 0.6046875 0.04375 0.1328125
0 0.12109375 0.4125 0.0375 0.12109375
0 0.3625 0.3296875 0.02890625 0.14765625
0 0.42890625 0.85625 0.07421875 0.28359375
0 0.36328125 0.49765625 0.03828125 0.140625
0 0.72265625 0.3296875 0.025 0.07578125
0 0.35625 0.6359375 0.02890625 0.05625
0 0.778125 0.38125 0.02109375 0.065625
0 0.16484375 0.721875 0.059375 0.28125
0 0.11484375 0.6453125 0.04921875 0.20078125
0 0.3171875 0.55546875 0.0375 0.1671875
0 0.86328125 0.45078125 0.0265625 0.05625
0 0.5 0.31015625 0.0296875 0.08671875
0 0.22578125 0.4390625 0.0421875 0.10390625
0 0.35625 0.73203125 0.05390625 0.2640625
0 0.3078125 0.24765625 0.01953125 0.04140625
0 0.878125 0.475 0.01796875 0.04375
0 0.975 0.7171875 0.04921875 0.15234375
0 0.09140625 0.60625 0.04765625 0.1390625
0 0.3296875 0.48671875 0.03046875 0.13359375
0 0.03671875 0.5609375 0.0515625 0.10078125
0 0.196875 0.74453125 0.05234375 0.14765625
0 0.96484375 0.5234375 0.02734375 0.0578125
0 0.9359375 0.4984375 0.02421875 0.065625
0 0.55 0.740625 0.02890625 0.0453125
0 0.3078125 0.23359375 0.0140625 0.01875
0 0.65390625 0.31875 0.01953125 0.06484375
0 0.0203125 0.6234375 0.03125 0.078125
0 0.2890625 0.25859375 0.01953125 0.0375
0 0.13359375 0.95703125 0.04921875 0.08046875
0 0.52421875 0.80859375 0.06875 0.08984375
0 0.31796875 0.66875 0.02734375 0.09375