0 0.0484375 0.38046875 0.0296875 0.075
0 0.44296875 0.32109375 0.03515625 0.13515625
0 0.24609375 0.796875 0.078125 0.30625
0 0.35390625 0.35546875 0.03671875 0.1390625
0 0.07265625 0.32734375 0.02734375 0.08125
0 0.44375 0.634375 0.034375 0.0375
0 0.090625 0.44921875 0.059375 0.1703125
0 0.478125 0.49765625 0.04921875 0.2015625
0 0.10234375 0.3328125 0.03046875 0.07265625
0 0.51640625 0.446875 0.04765625 0.175
0 0.34921875 0.61796875 0.03515625 0.04296875
0 0.2703125 0.28828125 0.02265625 0.05859375
0 0.35078125 0.4734375 0.04765625 0.11015625
0 0.5171875 0.35 0.0484375 0.10078125
0 0.13984375 0.84140625 0.03671875 0.04921875
0 0.16484375 0.9078125 0.10390625 0.18203125
0 0.19609375 0.62421875 0.05625 0.18359375
0 0.55234375 0.50078125 0.05703125 0.20390625
0 0.38828125 0.365625 0.03515625 0.14453125
0 0.440625 0.4484375 0.0484375 0.1265625
0 0.4125 0.32265625 0.03984375 0.134375
0 0.4328125 0.7953125 0.08125 0.32265625
0 0.35546875 0.7765625 0.08046875 0.3375
0 0.321875 0.33984375 0.03359375 0.14296875
0 0.12578125 0.4203125 0.0359375 0.171875
0 0.37421875 0.28671875 0.02421875 0.0859375
0 0.2796875 0.3734375 0.0609375 0.1765625
0 0.15859375 0.3734375 0.03828125 0.1328125
0 0.04375 0.71796875 0.06015625 0.26015625
0 0.14921875 0.43046875 0.0390625 0.153125
0 0.64140625 0.484375 0.0515625 0.17890625
0 0.68515625 0.56015625 0.059375 0.140625
0 0.06015625 0.44375 0.053125 0.08125
0 0.10625 0.37265625 0.02578125 0.0953125
0 0.32734375 0.42578125 0.04765625 0.090625
0 0.15078125 0.28828125 0.034375 0.08515625
0 0.30703125 0.7125 0.06796875 0.26640625
0 0.59765625 0.47890625 0.04609375 0.1796875
0 0.5578125 0.40234375 0.01796875 0.01953125
0 0.52734375 0.89375 0.09609375 0.20078125
0 0.71875 0.33671875 0.03203125 0.07734375
0 0.85625 0.9390625 0.10703125 0.12109375
0 0.6515625 0.403125 0.0171875 0.01484375
0 0.67578125 0.709375 0.0671875 0.19453125
0 0.0609375 0.5375 0.07734375 0.17734375
0 0.74375 0.87578125 0.1140625 0.24765625
0 0.54453125 0.82421875 0.040625 0.0515625
0 0.0828125 0.38125 0.03125 0.084375
0 0.2484375 0.38125 0.03671875 0.1125
0 0.48515625 0.38984375 0.0203125 0.021875
0 0.5046875 0.309375 0.02734375 0.078125
0 0.665625 0.32109375 0.01640625 0.04375
0 0.3953125 0.3015625 0.0328125 0.090625
0 0.12421875 0.684375 0.06953125 0.15
0 0.8890625 0.90703125 0.03828125 0.0578125
0 0.78203125 0.78203125 0.03359375 0.05546875
0 0.315625 0.26875 0.0234375 0.04296875
0 0.83203125 0.4 0.02578125 0.1125
0 0.6078125 0.390625 0.01640625 0.01953125
0 0.78515625 0.47421875 0.0328125 0.0828125
0 0.9375 0.57890625 0.0375 0.0890625
0 0.81640625 0.82421875 0.0859375 0.2625
0 0.909375 0.5703125 0.028125 0.0890625
0 0.88828125 0.46015625 0.034375 0.0671875
0 0.6921875 0.4828125 0.02265625 0.01953125
0 0.975 0.73125 0.0484375 0.1359375
0 0.78515625 0.37734375 0.03046875 0.08671875
0 0.45859375 0.2921875 0.0328125 0.08203125
0 0.81328125 0.38984375 0.0265625 0.109375
0 0.809375 0.47109375 0.034375 0.071875
0 0.9453125 0.62734375 0.04453125 0.07890625
0 0.034375 0.4890625 0.05 0.13203125
0 0.6859375 0.32265625 0.02421875 0.06640625
0 0.8484375 0.7078125 0.02578125 0.0375
0 0.03515625 0.621875 0.0515625 0.11640625
0 0.64375 0.84453125 0.078125 0.17734375
0 0.10859375 0.903125 0.04765625 0.13984375
0 0.82890625 0.7765625 0.05234375 0.09296875
0 0.6125 0.95703125 0.065625 0.08515625
0 0.4015625 0.60859375 0.05234375 0.0890625
0 0.43515625 0.740625 0.05625 0.13125