0 0.43046875 0.79921875 0.090625 0.3625
0 0.2640625 0.75078125 0.08203125 0.2875
0 0.79296875 0.7515625 0.0890625 0.26796875
0 0.040625 0.546875 0.053125 0.196875
0 0.6171875 0.5953125 0.053125 0.2046875
0 0.734375 0.81953125 0.08515625 0.26796875
0 0.12265625 0.7765625 0.09296875 0.321875
0 0.43203125 0.4 0.059375 0.153125
0 0.3328125 0.23828125 0.025 0.0578125
0 0.66796875 0.71875 0.06640625 0.26796875
0 0.56015625 0.84296875 0.08359375 0.31328125
0 0.22890625 0.35625 0.03046875 0.17421875
0 0.4765625 0.6859375 0.0734375 0.27734375
0 0.07265625 0.40859375 0.0265625 0.1015625
0 0.2671875 0.3625 0.0296875 0.16328125
0 0.04140625 0.8859375 0.07890625 0.21953125
0 0.37578125 0.56484375 0.053125 0.19765625
0 0.39140625 0.36484375 0.0359375 0.13984375
0 0.7125 0.6875 0.06171875 0.22578125
0 0.97421875 0.61796875 0.04765625 0.15078125
0 0.896875 0.5421875 0.04765625 0.1484375
0 0.53203125 0.3484375 0.040625 0.0671875
0 0.0890625 0.5 0.0453125 0.1890625
0 0.94609375 0.44765625 0.02734375 0.065625
0 0.0859375 0.38984375 0.02421875 0.1234375
0 0.978125 0.7375 0.04375 0.12109375
0 0.30625 0.37109375 0.02890625 0.1328125
0 0.5421875 0.4828125 0.040625 0.08828125
0 0.7921875 0.5640625 0.05390625 0.11328125
0 0.12421875 0.53828125 0.0515625 0.21640625
0 0.84453125 0.75703125 0.08046875 0.26796875
0 0.4828125 0.31796875 0.040625 0.0703125
0 0.32109375 0.32421875 0.03125 0.0984375
0 0.42578125 0.52890625 0.06171875 0.11484375
0 0.14921875 0.43125 0.0328125 0.1640625
0 0.290625 0.321875 0.028125 0.084375
0 0.31484375 0.2609375 0.03046875 0.07578125
0 0.84765625 0.5421875 0.03828125 0.13984375
0 0.27890625 0.53046875 0.0515625 0.18125
0 0.315625 0.440625 0.0421875 0.115625
0 0.41171875 0.28515625 0.02734375 0.08046875
0 0.01953125 0.8046875 0.0328125 0.05390625
0 0.81796875 0.503125 0.03515625 0.08828125
0 0.52265625 0.70390625 0.0796875 0.2859375
0 0.33046875 0.634375 0.05625 0.225
0 0.34453125 0.303125 0.025 0.08125
0 0.92578125 0.54140625 0.03515625 0.1453125
0 0.49140625 0.271875 0.0234375 0.053125
0 0.7765625 0.47890625 0.03515625 0.078125
0 0.74296875 0.5484375 0.046875 0.15703125
0 0.203125 0.90859375 0.09765625 0.17109375
0 0.896875 0.440625 0.02109375 0.046875
0 0.18984375 0.3828125 0.034375 0.1234375
0 0.1796875 0.5015625 0.046875 0.21015625
0 0.50390625 0.48359375 0.046875 0.125
0 0.6453125 0.4703125 0.02734375 0.0609375
0 0.696875 0.28046875 0.0203125 0.05234375
0 0.55390625 0.3453125 0.03828125 0.08671875
0 0.35390625 0.36953125 0.0421875 0.10078125
0 0.58359375 0.46796875 0.0390625 0.10234375
0 0.67265625 0.4734375 0.03046875 0.08125
0 0.6890625 0.55078125 0.0546875 0.1
0 0.784375 0.63359375 0.075 0.16015625
0 0.18671875 0.4671875 0.02890625 0.078125
0 0.8875 0.4765625 0.03515625 0.12109375
0 0.853125 0.509375 0.02734375 0.053125
0 0.4734375 0.54453125 0.053125 0.0921875
0 0.609375 0.46484375 0.034375 0.09296875
0 0.91015625 0.4375 0.02421875 0.05390625
0 0.57890625 0.528125 0.0375 0.115625
0 0.5984375 0.425 0.03203125 0.07578125
0 0.54765625 0.653125 0.05546875 0.10859375
0 0.43046875 0.61640625 0.0640625 0.17265625
0 0.56640625 0.4234375 0.03125 0.08515625
0 0.06328125 0.4953125 0.0234375 0.12421875
0 0.66875 0.628125 0.0609375 0.08359375
0 0.06484375 0.38046875 0.0203125 0.059375
0 0.22109375 0.32265625 0.0171875 0.04921875
0 0.1078125 0.7125 0.05625 0.13046875
0 0.86875 0.6609375 0.0359375 0.08046875