0 0.9515625 0.38046875 0.0296875 0.075
0 0.55703125 0.32109375 0.03515625 0.13515625
0 0.75390625 0.796875 0.078125 0.30625
0 0.64609375 0.35546875 0.03671875 0.1390625
0 0.92734375 0.32734375 0.02734375 0.08125
0 0.55625 0.634375 0.034375 0.0375
0 0.909375 0.44921875 0.059375 0.1703125
0 0.521875 0.49765625 0.04921875 0.2015625
0 0.89765625 0.3328125 0.03046875 0.07265625
0 0.48359375 0.446875 0.04765625 0.175
0 0.65078125 0.61796875 0.03515625 0.04296875
0 0.7296875 0.28828125 0.02265625 0.05859375
0 0.64921875 0.4734375 0.04765625 0.11015625
0 0.4828125 0.35 0.0484375 0.10078125
0 0.86015625 0.84140625 0.03671875 0.04921875
0 0.83515625 0.9078125 0.10390625 0.18203125
0 0.80390625 0.62421875 0.05625 0.18359375
0 0.44765625 0.50078125 0.05703125 0.20390625
0 0.61171875 0.365625 0.03515625 0.14453125
0 0.559375 0.4484375 0.0484375 0.1265625
0 0.5875 0.32265625 0.03984375 0.134375
0 0.5671875 0.7953125 0.08125 0.32265625
0 0.64453125 0.7765625 0.08046875 0.3375
0 0.678125 0.33984375 0.03359375 0.14296875
0 0.87421875 0.4203125 0.0359375 0.171875
0 0.62578125 0.28671875 0.02421875 0.0859375
0 0.7203125 0.3734375 0.0609375 0.1765625
0 0.84140625 0.3734375 0.03828125 0.1328125
0 0.95625 0.71796875 0.06015625 0.26015625
0 0.85078125 0.43046875 0.0390625 0.153125
0 0.35859375 0.484375 0.0515625 0.17890625
0 0.31484375 0.56015625 0.059375 0.140625
0 0.93984375 0.44375 0.053125 0.08125
0 0.89375 0.37265625 0.02578125 0.0953125
0 0.67265625 0.42578125 0.04765625 0.090625
0 0.84921875 0.28828125 0.034375 0.08515625
0 0.69296875 0.7125 0.06796875 0.26640625
0 0.40234375 0.47890625 0.04609375 0.1796875
0 0.4421875 0.40234375 0.01796875 0.01953125
0 0.47265625 0.89375 0.09609375 0.20078125
0 0.28125 0.33671875 0.03203125 0.07734375
0 0.14375 0.9390625 0.10703125 0.12109375
0 0.3484375 0.403125 0.0171875 0.01484375
0 0.32421875 0.709375 0.0671875 0.19453125
0 0.9390625 0.5375 0.07734375 0.17734375
0 0.25625 0.87578125 0.1140625 0.24765625
0 0.45546875 0.82421875 0.040625 0.0515625
0 0.9171875 0.38125 0.03125 0.084375
0 0.7515625 0.38125 0.03671875 0.1125
0 0.51484375 0.38984375 0.0203125 0.021875
0 0.4953125 0.309375 0.02734375 0.078125
0 0.334375 0.32109375 0.01640625 0.04375
0 0.6046875 0.3015625 0.0328125 0.090625
0 0.87578125 0.684375 0.06953125 0.15
0 0.1109375 0.90703125 0.03828125 0.0578125
0 0.21796875 0.78203125 0.03359375 0.05546875
0 0.684375 0.26875 0.0234375 0.04296875
0 0.16796875 0.4 0.02578125 0.1125
0 0.3921875 0.390625 0.01640625 0.01953125
0 0.21484375 0.47421875 0.0328125 0.0828125
0 0.0625 0.57890625 0.0375 0.0890625
0 0.18359375 0.82421875 0.0859375 0.2625
0 0.090625 0.5703125 0.028125 0.0890625
0 0.11171875 0.46015625 0.034375 0.0671875
0 0.3078125 0.4828125 0.02265625 0.01953125
0 0.025 0.73125 0.0484375 0.1359375
0 0.21484375 0.37734375 0.03046875 0.08671875
0 0.54140625 0.2921875 0.0328125 0.08203125
0 0.18671875 0.38984375 0.0265625 0.109375
0 0.190625 0.47109375 0.034375 0.071875
0 0.0546875 0.62734375 0.04453125 0.07890625
0 0.965625 0.4890625 0.05 0.13203125
0 0.3140625 0.32265625 0.02421875 0.06640625
0 0.1515625 0.7078125 0.02578125 0.0375
0 0.96484375 0.621875 0.0515625 0.11640625
0 0.35625 0.84453125 0.078125 0.17734375
0 0.89140625 0.903125 0.04765625 0.13984375
0 0.17109375 0.7765625 0.05234375 0.09296875
0 0.3875 0.95703125 0.065625 0.08515625
0 0.5984375 0.60859375 0.05234375 0.0890625
0 0.56484375 0.740625 0.05625 0.13125