0 0.02890625 0.72578125 0.0578125 0.1515625
0 0.51171875 0.4109375 0.0421875 0.08203125
0 0.72421875 0.3515625 0.01953125 0.046875
0 0.08046875 0.39765625 0.0328125 0.1046875
0 0.34296875 0.3828125 0.05625 0.20390625
0 0.4421875 0.3734375 0.04609375 0.15859375
0 0.46953125 0.3546875 0.0375 0.1
0 0.41953125 0.45859375 0.0421875 0.08515625
0 0.92265625 0.559375 0.0640625 0.1453125
0 0.0515625 0.51875 0.0453125 0.11875
0 0.13671875 0.603125 0.05 0.153125
0 0.23984375 0.8765625 0.084375 0.246875
0 0.04296875 0.8890625 0.0859375 0.2125
0 0.41328125 0.87109375 0.0921875 0.253125
0 0.51953125 0.26484375 0.0203125 0.046875
0 0.32578125 0.909375 0.090625 0.17890625
0 0.41953125 0.30390625 0.04140625 0.090625
0 0.28203125 0.84609375 0.0859375 0.29140625
0 0.6796875 0.33671875 0.01796875 0.03515625
0 0.5796875 0.384375 0.03984375 0.0859375
0 0.1125 0.4328125 0.0375 0.1671875
0 0.5984375 0.45 0.0515625 0.1734375
0 0.62734375 0.45625 0.05546875 0.17578125
0 0.45703125 0.6265625 0.059375 0.2375
0 0.9703125 0.5828125 0.0453125 0.16015625
0 0.1921875 0.4171875 0.0421875 0.16953125
0 0.3203125 0.5828125 0.0625 0.2140625
0 0.715625 0.53203125 0.06328125 0.19453125
0 0.31484375 0.36953125 0.03203125 0.1671875
0 0.2265625 0.3328125 0.03125 0.0625
0 0.67265625 0.4671875 0.05859375 0.178125
0 0.225 0.58671875 0.0578125 0.20390625
0 0.06015625 0.6 0.03046875 0.06640625
0 0.13984375 0.3734375 0.04609375 0.1421875
0 0.3921875 0.40234375 0.04609375 0.165625
0 0.09609375 0.5734375 0.04609375 0.10078125
0 0.10703125 0.86484375 0.0828125 0.2703125
0 0.409375 0.634375 0.06796875 0.23359375
0 0.2625 0.35078125 0.0296875 0.071875
0 0.334375 0.26796875 0.0203125 0.025
0 0.759375 0.54609375 0.06484375 0.18984375
0 0.14765625 0.48671875 0.03984375 0.10859375
0 0.23359375 0.43203125 0.0515625 0.14765625
0 0.2171875 0.37734375 0.03125 0.08984375
0 0.09375 0.4734375 0.028125 0.11015625
0 0.48203125 0.2671875 0.02265625 0.0515625
0 0.17265625 0.609375 0.06015625 0.1484375
0 0.02109375 0.5734375 0.03984375 0.12109375
0 0.8390625 0.58359375 0.06171875 0.18203125
0 0.865625 0.4734375 0.0265625 0.06171875
0 0.321875 0.5234375 0.04375 0.084375
0 0.203125 0.69296875 0.06796875 0.171875
0 0.0921875 0.696875 0.06484375 0.17890625
0 0.8625 0.515625 0.03984375 0.14140625
0 0.18203125 0.85859375 0.06953125 0.2484375
0 0.80234375 0.53359375 0.05859375 0.18515625
0 0.42578125 0.25390625 0.02734375 0.03671875
0 0.31328125 0.2671875 0.0296875 0.0765625
0 0.04140625 0.8109375 0.059375 0.13046875
0 0.28203125 0.6375 0.071875 0.184375
0 0.26640625 0.403125 0.04140625 0.1609375
0 0.71328125 0.7703125 0.08984375 0.28671875
0 0.81328125 0.4859375 0.03125 0.08359375
0 0.140625 0.75703125 0.04375 0.1125
0 0.7875 0.4046875 0.02578125 0.0875
0 0.3984375 0.3703125 0.02734375 0.04375
0 0.71796875 0.49140625 0.03984375 0.08359375
0 0.075 0.47421875 0.02734375 0.09609375
0 0.11015625 0.38359375 0.0234375 0.06796875
0 0.26953125 0.55390625 0.0421875 0.1140625
0 0.221875 0.46484375 0.028125 0.08125
0 0.73125 0.70390625 0.05546875 0.0921875
0 0.50078125 0.48984375 0.03828125 0.08203125
0 0.91328125 0.5171875 0.0203125 0.04453125
0 0.22109375 0.5125 0.028125 0.0640625