0 0.97109375 0.72578125 0.0578125 0.1515625
0 0.48828125 0.4109375 0.0421875 0.08203125
0 0.27578125 0.3515625 0.01953125 0.046875
0 0.91953125 0.39765625 0.0328125 0.1046875
0 0.65703125 0.3828125 0.05625 0.20390625
0 0.5578125 0.3734375 0.04609375 0.15859375
0 0.53046875 0.3546875 0.0375 0.1
0 0.58046875 0.45859375 0.0421875 0.08515625
0 0.07734375 0.559375 0.0640625 0.1453125
0 0.9484375 0.51875 0.0453125 0.11875
0 0.86328125 0.603125 0.05 0.153125
0 0.76015625 0.8765625 0.084375 0.246875
0 0.95703125 0.8890625 0.0859375 0.2125
0 0.58671875 0.87109375 0.0921875 0.253125
0 0.48046875 0.26484375 0.0203125 0.046875
0 0.67421875 0.909375 0.090625 0.17890625
0 0.58046875 0.30390625 0.04140625 0.090625
0 0.71796875 0.84609375 0.0859375 0.29140625
0 0.3203125 0.33671875 0.01796875 0.03515625
0 0.4203125 0.384375 0.03984375 0.0859375
0 0.8875 0.4328125 0.0375 0.1671875
0 0.4015625 0.45 0.0515625 0.1734375
0 0.37265625 0.45625 0.05546875 0.17578125
0 0.54296875 0.6265625 0.059375 0.2375
0 0.0296875 0.5828125 0.0453125 0.16015625
0 0.8078125 0.4171875 0.0421875 0.16953125
0 0.6796875 0.5828125 0.0625 0.2140625
0 0.284375 0.53203125 0.06328125 0.19453125
0 0.68515625 0.36953125 0.03203125 0.1671875
0 0.7734375 0.3328125 0.03125 0.0625
0 0.32734375 0.4671875 0.05859375 0.178125
0 0.775 0.58671875 0.0578125 0.20390625
0 0.93984375 0.6 0.03046875 0.06640625
0 0.86015625 0.3734375 0.04609375 0.1421875
0 0.6078125 0.40234375 0.04609375 0.165625
0 0.90390625 0.5734375 0.04609375 0.10078125
0 0.89296875 0.86484375 0.0828125 0.2703125
0 0.590625 0.634375 0.06796875 0.23359375
0 0.7375 0.35078125 0.0296875 0.071875
0 0.665625 0.26796875 0.0203125 0.025
0 0.240625 0.54609375 0.06484375 0.18984375
0 0.85234375 0.48671875 0.03984375 0.10859375
0 0.76640625 0.43203125 0.0515625 0.14765625
0 0.7828125 0.37734375 0.03125 0.08984375
0 0.90625 0.4734375 0.028125 0.11015625
0 0.51796875 0.2671875 0.02265625 0.0515625
0 0.82734375 0.609375 0.06015625 0.1484375
0 0.97890625 0.5734375 0.03984375 0.12109375
0 0.1609375 0.58359375 0.06171875 0.18203125
0 0.134375 0.4734375 0.0265625 0.06171875
0 0.678125 0.5234375 0.04375 0.084375
0 0.796875 0.69296875 0.06796875 0.171875
0 0.9078125 0.696875 0.06484375 0.17890625
0 0.1375 0.515625 0.03984375 0.14140625
0 0.81796875 0.85859375 0.06953125 0.2484375
0 0.19765625 0.53359375 0.05859375 0.18515625
0 0.57421875 0.25390625 0.02734375 0.03671875
0 0.68671875 0.2671875 0.0296875 0.0765625
0 0.95859375 0.8109375 0.059375 0.13046875
0 0.71796875 0.6375 0.071875 0.184375
0 0.73359375 0.403125 0.04140625 0.1609375
0 0.28671875 0.7703125 0.08984375 0.28671875
0 0.18671875 0.4859375 0.03125 0.08359375
0 0.859375 0.75703125 0.04375 0.1125
0 0.2125 0.4046875 0.02578125 0.0875
0 0.6015625 0.3703125 0.02734375 0.04375
0 0.28203125 0.49140625 0.03984375 0.08359375
0 0.925 0.47421875 0.02734375 0.09609375
0 0.88984375 0.38359375 0.0234375 0.06796875
0 0.73046875 0.55390625 0.0421875 0.1140625
0 0.778125 0.46484375 0.028125 0.08125
0 0.26875 0.70390625 0.05546875 0.0921875
0 0.49921875 0.48984375 0.03828125 0.08203125
0 0.08671875 0.5171875 0.0203125 0.04453125
0 0.77890625 0.5125 0.028125 0.0640625