0 0.63125 0.6859375 0.0828125 0.26484375
0 0.978125 0.59296875 0.0421875 0.14375
0 0.9296875 0.5578125 0.04453125 0.13828125
0 0.97734375 0.72578125 0.04453125 0.1625
0 0.5359375 0.46328125 0.0484375 0.190625
0 0.046875 0.8625 0.09296875 0.2640625
0 0.271875 0.69375 0.11484375 0.23984375
0 0.09140625 0.80625 0.07734375 0.3234375
0 0.84296875 0.61171875 0.05859375 0.18203125
0 0.809375 0.84453125 0.0859375 0.290625
0 0.2484375 0.8609375 0.08359375 0.275
0 0.58359375 0.60234375 0.05703125 0.21015625
0 0.3171875 0.5828125 0.04453125 0.2046875
0 0.1578125 0.7171875 0.0796875 0.2546875
0 0.4828125 0.440625 0.05078125 0.18515625
0 0.165625 0.88828125 0.1 0.2234375
0 0.7 0.7984375 0.08125 0.30546875
0 0.8921875 0.6359375 0.05546875 0.17734375
0 0.76171875 0.6296875 0.06796875 0.2109375
0 0.4390625 0.415625 0.06171875 0.19765625
0 0.0390625 0.521875 0.05 0.1859375
0 0.38671875 0.421875 0.05390625 0.20390625
0 0.15390625 0.40703125 0.0390625 0.1296875
0 0.61875 0.42578125 0.046875 0.14296875
0 0.32421875 0.41328125 0.03828125 0.18828125
0 0.30625 0.36328125 0.0359375 0.1734375
0 0.6859375 0.5359375 0.05078125 0.18125
0 0.58984375 0.42109375 0.040625 0.13671875
0 0.27265625 0.45703125 0.059375 0.1671875
0 0.3578125 0.38515625 0.0453125 0.1734375
0 0.196875 0.6203125 0.0625 0.22421875
0 0.72890625 0.47109375 0.03515625 0.12578125
0 0.11953125 0.3734375 0.0390625 0.10390625
0 0.77109375 0.37890625 0.028125 0.06484375
0 0.1 0.5890625 0.05234375 0.13203125
0 0.18046875 0.38359375 0.04140625 0.11875
0 0.1078125 0.29296875 0.02109375 0.06796875
0 0.5234375 0.9625 0.096875 0.06875
0 0.0765625 0.4875 0.05078125 0.16171875
0 0.11796875 0.64765625 0.04921875 0.1828125
0 0.4890625 0.33046875 0.0453125 0.121875
0 0.8078125 0.48125 0.05390625 0.0875
0 0.775 0.56015625 0.04609375 0.09921875
0 0.22734375 0.47109375 0.04296875 0.1546875
0 0.08671875 0.34609375 0.021875 0.07890625
0 0.196875 0.42421875 0.03984375 0.1609375
0 0.21953125 0.3421875 0.0390625 0.128125
0 0.45546875 0.28828125 0.02109375 0.06171875
0 0.5015625 0.29296875 0.0375 0.07890625
0 0.65625 0.4421875 0.05078125 0.13515625
0 0.14765625 0.34375 0.04375 0.07265625
0 0.040625 0.6984375 0.078125 0.18828125
0 0.13203125 0.50234375 0.03984375 0.10078125
0 0.4890625 0.2765625 0.025 0.06953125
0 0.11015625 0.46953125 0.03359375 0.09140625
0 0.5984375 0.49609375 0.04375 0.0796875
0 0.5390625 0.3609375 0.05078125 0.109375
0 0.40703125 0.29140625 0.0265625 0.04765625