0 0.9421875 0.4671875 0.03515625 0.103125
0 0.13125 0.359375 0.02578125 0.140625
0 0.4203125 0.43671875 0.046875 0.1921875
0 0.490625 0.38515625 0.0421875 0.15078125
0 0.52578125 0.52734375 0.05234375 0.12890625
0 0.10234375 0.35078125 0.03125 0.15859375
0 0.11796875 0.478125 0.04765625 0.1359375
0 0.3421875 0.45 0.046875 0.1546875
0 0.22265625 0.3734375 0.034375 0.09921875
0 0.34921875 0.665625 0.03515625 0.03984375
0 0.1765625 0.69765625 0.07734375 0.29296875
0 0.23984375 0.3265625 0.02265625 0.0921875
0 0.44765625 0.43125 0.04609375 0.18984375
0 0.153125 0.4234375 0.0515625 0.140625
0 0.2140625 0.49375 0.05 0.1125
0 0.2640625 0.2828125 0.021875 0.0453125
0 0.16875 0.3265625 0.02421875 0.0890625
0 0.34453125 0.31796875 0.02890625 0.09765625
0 0.76015625 0.7625 0.0328125 0.04140625
0 0.47109375 0.3515625 0.034375 0.1078125
0 0.8625 0.88671875 0.11171875 0.22578125
0 0.42890625 0.29609375 0.0265625 0.125
0 0.9359375 0.58046875 0.03828125 0.08203125
0 0.534375 0.47265625 0.01875 0.0203125
0 0.28984375 0.66875 0.07109375 0.26953125
0 0.2328125 0.6265625 0.071875 0.2203125
0 0.0359375 0.6953125 0.0546875 0.253125
0 0.3046875 0.41484375 0.0375 0.1671875
0 0.353125 0.82421875 0.12578125 0.34453125
0 0.72265625 0.86875 0.1 0.26015625
0 0.1984375 0.38359375 0.0265625 0.11171875
0 0.66875 0.5671875 0.028125 0.02890625
0 0.9 0.4625 0.02265625 0.04765625
0 0.565625 0.3875 0.03984375 0.159375
0 0.90234375 0.7984375 0.028125 0.03984375
0 0.159375 0.51171875 0.05625 0.1484375
0 0.75625 0.69921875 0.03125 0.03984375
0 0.26953125 0.3671875 0.03359375 0.11015625
0 0.52890625 0.8 0.07890625 0.17109375
0 0.98203125 0.5453125 0.0359375 0.109375
0 0.059375 0.46484375 0.053125 0.14296875
0 0.29140625 0.29609375 0.03046875 0.07109375
0 0.68359375 0.321875 0.02265625 0.065625
0 0.2921875 0.53125 0.02265625 0.028125
0 0.25703125 0.44375 0.05546875 0.10546875
0 0.46640625 0.28203125 0.021875 0.0828125
0 0.625 0.4828125 0.05234375 0.18515625
0 0.51875 0.35 0.04140625 0.11171875
0 0.81015625 0.47578125 0.034375 0.0875
0 0.71328125 0.3390625 0.0203125 0.05859375
0 0.071875 0.6625 0.06015625 0.1875
0 0.47109375 0.5140625 0.06796875 0.13671875
0 0.89375 0.5921875 0.04765625 0.0703125
0 0.03046875 0.52421875 0.05 0.1328125
0 0.50859375 0.28828125 0.0296875 0.06171875
0 0.81171875 0.37890625 0.0265625 0.09453125
0 0.7828125 0.46640625 0.025 0.08203125
0 0.97265625 0.72890625 0.05078125 0.13359375
0 0.728125 0.309375 0.01796875 0.075
0 0.3875 0.30703125 0.0484375 0.09765625
0 0.5921875 0.37265625 0.03203125 0.1078125
0 0.46484375 0.24609375 0.01171875 0.01328125
0 0.6125 0.39296875 0.0359375 0.084375
0 0.64296875 0.7078125 0.075 0.2921875
0 0.1125 0.60625 0.059375 0.11796875
0 0.94375 0.63515625 0.040625 0.0625
0 0.9203125 0.5671875 0.0234375 0.05
0 0.77421875 0.340625 0.025 0.09609375
0 0.36953125 0.44296875 0.0421875 0.1703125
0 0.22265625 0.4453125 0.0375 0.07578125
0 0.5515625 0.5375 0.04609375 0.096875
0 0.36171875 0.784375 0.0484375 0.06953125
0 0.128125 0.7140625 0.06875 0.12421875
0 0.834375 0.975 0.046875 0.05