0 0.56953125 0.79921875 0.090625 0.3625
0 0.7359375 0.75078125 0.08203125 0.2875
0 0.20703125 0.7515625 0.0890625 0.26796875
0 0.959375 0.546875 0.053125 0.196875
0 0.3828125 0.5953125 0.053125 0.2046875
0 0.265625 0.81953125 0.08515625 0.26796875
0 0.87734375 0.7765625 0.09296875 0.321875
0 0.56796875 0.4 0.059375 0.153125
0 0.6671875 0.23828125 0.025 0.0578125
0 0.33203125 0.71875 0.06640625 0.26796875
0 0.43984375 0.84296875 0.08359375 0.31328125
0 0.77109375 0.35625 0.03046875 0.17421875
0 0.5234375 0.6859375 0.0734375 0.27734375
0 0.92734375 0.40859375 0.0265625 0.1015625
0 0.7328125 0.3625 0.0296875 0.16328125
0 0.95859375 0.8859375 0.07890625 0.21953125
0 0.62421875 0.56484375 0.053125 0.19765625
0 0.60859375 0.36484375 0.0359375 0.13984375
0 0.2875 0.6875 0.06171875 0.22578125
0 0.02578125 0.61796875 0.04765625 0.15078125
0 0.103125 0.5421875 0.04765625 0.1484375
0 0.46796875 0.3484375 0.040625 0.0671875
0 0.9109375 0.5 0.0453125 0.1890625
0 0.05390625 0.44765625 0.02734375 0.065625
0 0.9140625 0.38984375 0.02421875 0.1234375
0 0.021875 0.7375 0.04375 0.12109375
0 0.69375 0.37109375 0.02890625 0.1328125
0 0.4578125 0.4828125 0.040625 0.08828125
0 0.2078125 0.5640625 0.05390625 0.11328125
0 0.87578125 0.53828125 0.0515625 0.21640625
0 0.15546875 0.75703125 0.08046875 0.26796875
0 0.5171875 0.31796875 0.040625 0.0703125
0 0.67890625 0.32421875 0.03125 0.0984375
0 0.57421875 0.52890625 0.06171875 0.11484375
0 0.85078125 0.43125 0.0328125 0.1640625
0 0.709375 0.321875 0.028125 0.084375
0 0.68515625 0.2609375 0.03046875 0.07578125
0 0.15234375 0.5421875 0.03828125 0.13984375
0 0.72109375 0.53046875 0.0515625 0.18125
0 0.684375 0.440625 0.0421875 0.115625
0 0.58828125 0.28515625 0.02734375 0.08046875
0 0.98046875 0.8046875 0.0328125 0.05390625
0 0.18203125 0.503125 0.03515625 0.08828125
0 0.47734375 0.70390625 0.0796875 0.2859375
0 0.66953125 0.634375 0.05625 0.225
0 0.65546875 0.303125 0.025 0.08125
0 0.07421875 0.54140625 0.03515625 0.1453125
0 0.50859375 0.271875 0.0234375 0.053125
0 0.2234375 0.47890625 0.03515625 0.078125
0 0.25703125 0.5484375 0.046875 0.15703125
0 0.796875 0.90859375 0.09765625 0.17109375
0 0.103125 0.440625 0.02109375 0.046875
0 0.81015625 0.3828125 0.034375 0.1234375
0 0.8203125 0.5015625 0.046875 0.21015625
0 0.49609375 0.48359375 0.046875 0.125
0 0.3546875 0.4703125 0.02734375 0.0609375
0 0.303125 0.28046875 0.0203125 0.05234375
0 0.44609375 0.3453125 0.03828125 0.08671875
0 0.64609375 0.36953125 0.0421875 0.10078125
0 0.41640625 0.46796875 0.0390625 0.10234375
0 0.32734375 0.4734375 0.03046875 0.08125
0 0.3109375 0.55078125 0.0546875 0.1
0 0.215625 0.63359375 0.075 0.16015625
0 0.81328125 0.4671875 0.02890625 0.078125
0 0.1125 0.4765625 0.03515625 0.12109375
0 0.146875 0.509375 0.02734375 0.053125
0 0.5265625 0.54453125 0.053125 0.0921875
0 0.390625 0.46484375 0.034375 0.09296875
0 0.08984375 0.4375 0.02421875 0.05390625
0 0.42109375 0.528125 0.0375 0.115625
0 0.4015625 0.425 0.03203125 0.07578125
0 0.45234375 0.653125 0.05546875 0.10859375
0 0.56953125 0.61640625 0.0640625 0.17265625
0 0.43359375 0.4234375 0.03125 0.08515625
0 0.93671875 0.4953125 0.0234375 0.12421875
0 0.33125 0.628125 0.0609375 0.08359375
0 0.93515625 0.38046875 0.0203125 0.059375
0 0.77890625 0.32265625 0.0171875 0.04921875
0 0.8921875 0.7125 0.05625 0.13046875
0 0.13125 0.6609375 0.0359375 0.08046875