0 0.28984375 0.84609375 0.0921875 0.3015625
0 0.35546875 0.66328125 0.065625 0.2328125
0 0.04375 0.86484375 0.08515625 0.26484375
0 0.334375 0.2453125 0.02421875 0.06953125
0 0.128125 0.859375 0.1125 0.278125
0 0.3453125 0.43125 0.0453125 0.1859375
0 0.30625 0.5984375 0.06015625 0.2046875
0 0.19921875 0.9265625 0.10078125 0.14296875
0 0.52890625 0.8421875 0.08515625 0.290625
0 0.80546875 0.475 0.03359375 0.078125
0 0.15625 0.61015625 0.06171875 0.25859375
0 0.09453125 0.428125 0.03671875 0.1140625
0 0.29921875 0.3546875 0.04296875 0.16484375
0 0.4484375 0.73515625 0.08359375 0.29296875
0 0.3921875 0.90390625 0.1125 0.19140625
0 0.92265625 0.53984375 0.0421875 0.1453125
0 0.11484375 0.5625 0.0609375 0.2140625
0 0.390625 0.69375 0.0578125 0.225
0 0.06875 0.56328125 0.05703125 0.21796875
0 0.11875 0.4046875 0.028125 0.11484375
0 0.24765625 0.6390625 0.07890625 0.2546875
0 0.21875 0.3515625 0.02734375 0.15703125
0 0.0703125 0.39140625 0.0296875 0.12265625
0 0.17890625 0.38125 0.0296875 0.1734375
0 0.72265625 0.746875 0.07265625 0.24296875
0 0.46328125 0.43515625 0.04921875 0.171875
0 0.2390625 0.41953125 0.04453125 0.16796875
0 0.315625 0.28046875 0.028125 0.10859375
0 0.0359375 0.553125 0.04375 0.19453125
0 0.3484375 0.3125 0.03828125 0.07265625
0 0.7671875 0.7453125 0.0828125 0.24375
0 0.91875 0.8703125 0.09453125 0.2328125
0 0.62421875 0.76640625 0.06953125 0.26875
0 0.87265625 0.48203125 0.025 0.078125
0 0.59453125 0.67109375 0.04921875 0.1125
0 0.671875 0.53125 0.05 0.13515625
0 0.41640625 0.50703125 0.04296875 0.16171875
0 0.5234375 0.5859375 0.0640625 0.18828125
0 0.26875 0.34296875 0.03203125 0.1234375
0 0.82265625 0.49140625 0.0265625 0.078125
0 0.5359375 0.36171875 0.03671875 0.15703125
0 0.425 0.278125 0.02578125 0.0859375
0 0.84375 0.48515625 0.0265625 0.0796875
0 0.88671875 0.48984375 0.02578125 0.09375
0 0.67890625 0.33515625 0.01640625 0.04453125
0 0.41171875 0.31484375 0.04765625 0.0984375
0 0.81640625 0.6515625 0.04453125 0.1546875
0 0.4234375 0.38984375 0.0453125 0.1390625
0 0.840625 0.628125 0.06015625 0.2015625
0 0.44375 0.26875 0.0203125 0.1
0 0.475 0.61953125 0.04453125 0.15859375
0 0.36328125 0.35859375 0.03046875 0.0859375
0 0.37890625 0.40546875 0.04296875 0.11328125
0 0.76796875 0.534375 0.040625 0.11640625
0 0.66875 0.42109375 0.02421875 0.05625
0 0.6296875 0.41640625 0.0296875 0.05703125
0 0.9734375 0.73984375 0.0515625 0.115625
0 0.19765625 0.3921875 0.04296875 0.20546875
0 0.8 0.57421875 0.046875 0.1171875
0 0.61875 0.48671875 0.04296875 0.13828125
0 0.84453125 0.55390625 0.0421875 0.07578125
0 0.89140625 0.55546875 0.04140625 0.13828125
0 0.77421875 0.4828125 0.02421875 0.08125
0 0.26953125 0.4765625 0.05390625 0.18515625
0 0.678125 0.71015625 0.05859375 0.27265625
0 0.56328125 0.60078125 0.05 0.14609375
0 0.8203125 0.90234375 0.10546875 0.18984375
0 0.63984375 0.528125 0.046875 0.16484375
0 0.6765625 0.46796875 0.025 0.0625
0 0.7375 0.3765625 0.02421875 0.0421875
0 0.86328125 0.778125 0.084375 0.18515625
0 0.503125 0.35703125 0.0390625 0.06796875
0 0.65390625 0.46484375 0.03046875 0.0796875
0 0.3859375 0.5109375 0.0484375 0.14375
0 0.7375 0.5328125 0.0296875 0.12578125
0 0.9859375 0.6171875 0.0265625 0.10625
0 0.78515625 0.4609375 0.021875 0.06875
0 0.93359375 0.453125 0.01953125 0.05078125
0 0.9109375 0.45703125 0.0203125 0.04375
0 0.8953125 0.93515625 0.053125 0.10078125
0 0.7765625 0.69140625 0.046875 0.08828125
0 0.5625 0.7671875 0.0609375 0.15390625
0 0.5296875 0.75703125 0.065625 0.0953125
0 0.23203125 0.6015625 0.03515625 0.0953125
0 0.74375 0.365625 0.0203125 0.02109375
0 0.671875 0.39296875 0.01796875 0.015625
0 0.93515625 0.81328125 0.04375 0.071875
0 0.87890625 0.434375 0.03046875 0.1015625