0 0.3703125 0.38125 0.0453125 0.1875
0 0.24375 0.86640625 0.08828125 0.2625
0 0.48984375 0.27109375 0.0265625 0.05859375
0 0.065625 0.3703125 0.0328125 0.0921875
0 0.1453125 0.465625 0.04296875 0.140625
0 0.1328125 0.36640625 0.0359375 0.090625
0 0.5890625 0.5265625 0.05234375 0.18203125
0 0.45078125 0.41953125 0.06875 0.20703125
0 0.97890625 0.5921875 0.0421875 0.1453125
0 0.92265625 0.553125 0.05703125 0.1421875
0 0.6375 0.4328125 0.0453125 0.15859375
0 0.09609375 0.48359375 0.04453125 0.1265625
0 0.2765625 0.4609375 0.04921875 0.20390625
0 0.53984375 0.68671875 0.0671875 0.26953125
0 0.03359375 0.67421875 0.059375 0.15703125
0 0.0609375 0.5265625 0.04921875 0.1234375
0 0.040625 0.8703125 0.08046875 0.2546875
0 0.54765625 0.36328125 0.04296875 0.140625
0 0.3296875 0.25 0.03671875 0.0796875
0 0.41796875 0.32265625 0.04375 0.10859375
0 0.44921875 0.35703125 0.0390625 0.0890625
0 0.2015625 0.33671875 0.0203125 0.06484375
0 0.72265625 0.3578125 0.01875 0.046875
0 0.21953125 0.4875 0.05390625 0.18203125
0 0.1765625 0.51875 0.0328125 0.0859375
0 0.1625 0.821875 0.1046875 0.23671875
0 0.08515625 0.7890625 0.0546875 0.253125
0 0.796875 0.5203125 0.05234375 0.19921875
0 0.2125 0.38125 0.0484375 0.11328125
0 0.634375 0.88046875 0.0796875 0.23828125
0 0.5984375 0.39453125 0.03984375 0.1046875
0 0.1296875 0.59453125 0.05 0.184375
0 0.315625 0.39609375 0.0390625 0.1703125
0 0.1015625 0.5984375 0.03984375 0.15078125
0 0.8609375 0.49453125 0.05078125 0.13984375
0 0.125 0.44609375 0.03125 0.1046875
0 0.25234375 0.3796875 0.03359375 0.09609375
0 0.5171875 0.26484375 0.02265625 0.04765625
0 0.69453125 0.51953125 0.06484375 0.17265625
0 0.41328125 0.71015625 0.065625 0.203125
0 0.02421875 0.56796875 0.03984375 0.1
0 0.87734375 0.8765625 0.125 0.24375
0 0.059375 0.66328125 0.05 0.21953125
0 0.31171875 0.26484375 0.0296875 0.07421875
0 0.07734375 0.4484375 0.03125 0.08671875
0 0.2234375 0.64921875 0.06953125 0.1390625
0 0.1765625 0.425 0.025 0.09453125
0 0.79921875 0.42578125 0.02421875 0.06640625
0 0.66484375 0.47265625 0.0453125 0.17109375
0 0.42734375 0.4703125 0.0484375 0.1234375
0 0.6609375 0.7171875 0.0671875 0.17578125
0 0.53046875 0.909375 0.096875 0.1796875
0 0.20859375 0.71171875 0.06015625 0.1703125
0 0.3359375 0.3875 0.034375 0.16953125
0 0.83203125 0.48515625 0.03203125 0.08125
0 0.4765625 0.365625 0.02890625 0.07421875
0 0.97421875 0.54140625 0.028125 0.084375
0 0.76953125 0.93046875 0.0828125 0.1390625
0 0.7375 0.46953125 0.0234375 0.07578125
0 0.79375 0.48359375 0.03203125 0.0875
0 0.025 0.78828125 0.04921875 0.1015625
0 0.42734375 0.6125 0.05078125 0.1046875
0 0.196875 0.45859375 0.03671875 0.1
0 0.6515625 0.3984375 0.0328125 0.06484375
0 0.01171875 0.5921875 0.0234375 0.05859375
0 0.2375 0.759375 0.05859375 0.1078125
0 0.23125 0.4375 0.0390625 0.0890625
0 0.18359375 0.57109375 0.04765625 0.0828125
0 0.40625 0.65703125 0.05390625 0.06640625
0 0.14140625 0.77734375 0.05859375 0.06875
0 0.1890625 0.64296875 0.03359375 0.07734375
0 0.6953125 0.47109375 0.0421875 0.06953125
0 0.88515625 0.4 0.0234375 0.0625