0 0.21796875 0.86796875 0.10390625 0.2640625
0 0.5421875 0.51015625 0.053125 0.2015625
0 0.14921875 0.3890625 0.046875 0.18046875
0 0.3703125 0.84453125 0.10546875 0.31015625
0 0.6734375 0.478125 0.05 0.18359375
0 0.59140625 0.49921875 0.05078125 0.19765625
0 0.425 0.5015625 0.053125 0.19296875
0 0.08671875 0.48046875 0.04375 0.13828125
0 0.7640625 0.56796875 0.0625 0.1859375
0 0.05546875 0.50703125 0.05234375 0.13359375
0 0.27421875 0.77421875 0.08203125 0.29453125
0 0.4640625 0.4109375 0.0546875 0.18203125
0 0.9796875 0.634375 0.040625 0.196875
0 0.9203125 0.5609375 0.05625 0.14609375
0 0.128125 0.384375 0.01875 0.109375
0 0.23046875 0.48515625 0.05390625 0.203125
0 0.44765625 0.82109375 0.08984375 0.3296875
0 0.5 0.4390625 0.0421875 0.19375
0 0.08046875 0.39609375 0.03359375 0.10078125
0 0.0328125 0.88203125 0.065625 0.228125
0 0.53671875 0.3953125 0.034375 0.13515625
0 0.11796875 0.6984375 0.0515625 0.146875
0 0.70859375 0.52578125 0.06015625 0.21328125
0 0.0640625 0.603125 0.05 0.12890625
0 0.36953125 0.3921875 0.0359375 0.16328125
0 0.796875 0.5359375 0.0515625 0.17734375
0 0.01953125 0.53984375 0.03828125 0.15
0 0.73984375 0.51328125 0.0515625 0.18671875
0 0.0296875 0.728125 0.05859375 0.1609375
0 0.18359375 0.50703125 0.05 0.13046875
0 0.1859375 0.3984375 0.0328125 0.11328125
0 0.33515625 0.39609375 0.05625 0.18828125
0 0.85234375 0.496875 0.0453125 0.09921875
0 0.45625 0.2578125 0.021875 0.05546875
0 0.13984375 0.559375 0.0578125 0.121875
0 0.1921875 0.60703125 0.04765625 0.134375
0 0.2609375 0.3609375 0.0359375 0.0703125
0 0.153125 0.7578125 0.0734375 0.1796875
0 0.3125 0.27578125 0.02734375 0.09453125
0 0.41875 0.309375 0.03125 0.0984375
0 0.78515625 0.47890625 0.0328125 0.0734375
0 0.22734375 0.34609375 0.0359375 0.078125
0 0.27421875 0.4328125 0.03203125 0.0953125
0 0.02109375 0.63828125 0.0421875 0.1046875
0 0.26953125 0.521875 0.06484375 0.13359375
0 0.625 0.4375 0.0421875 0.11328125
0 0.3359375 0.24765625 0.0265625 0.06953125
0 0.51640625 0.26171875 0.01953125 0.03984375
0 0.49140625 0.25859375 0.01640625 0.03359375
0 0.21953125 0.4015625 0.04609375 0.146875
0 0.21796875 0.74609375 0.07109375 0.1640625
0 0.6796875 0.33515625 0.0171875 0.0375
0 0.84453125 0.58203125 0.05234375 0.184375
0 0.825 0.47890625 0.01875 0.06953125
0 0.07578125 0.76640625 0.065625 0.215625
0 0.1015625 0.5890625 0.034375 0.0875
0 0.26171875 0.646875 0.07734375 0.12109375
0 0.72421875 0.3546875 0.01953125 0.04453125
0 0.96640625 0.57734375 0.0453125 0.16328125
0 0.4421875 0.4453125 0.04765625 0.10859375
0 0.396875 0.425 0.02578125 0.08046875
0 0.159375 0.9125 0.0859375 0.16953125
0 0.23359375 0.665625 0.03046875 0.07109375