0 0.43671875 0.8625 0.10859375 0.25703125
0 0.21953125 0.878125 0.11484375 0.23828125
0 0.340625 0.8859375 0.10234375 0.22265625
0 0.1203125 0.44140625 0.04765625 0.18828125
0 0.146875 0.8375 0.078125 0.30390625
0 0.16484375 0.4734375 0.05390625 0.21875
0 0.81015625 0.875 0.10625 0.24296875
0 0.21953125 0.7140625 0.075 0.18984375
0 0.0828125 0.615625 0.0671875 0.18046875
0 0.1171875 0.31796875 0.0265625 0.0921875
0 0.628125 0.86484375 0.096875 0.2609375
0 0.40859375 0.43671875 0.04765625 0.2015625
0 0.8859375 0.871875 0.1328125 0.25546875
0 0.2140625 0.459375 0.053125 0.2125
0 0.1859375 0.35234375 0.0328125 0.0984375
0 0.90234375 0.53828125 0.05 0.13515625
0 0.0421875 0.63125 0.07265625 0.19765625
0 0.371875 0.428125 0.04609375 0.2140625
0 0.3109375 0.4359375 0.0453125 0.2046875
0 0.8921875 0.48046875 0.03203125 0.103125
0 0.0921875 0.35390625 0.03125 0.09765625
0 0.94453125 0.5890625 0.0453125 0.14765625
0 0.2421875 0.403125 0.0484375 0.1484375
0 0.07421875 0.36015625 0.02421875 0.10546875
0 0.23046875 0.540625 0.0640625 0.146875
0 0.0359375 0.875 0.07109375 0.23984375
0 0.0765625 0.46484375 0.04296875 0.1328125
0 0.04375 0.3671875 0.02109375 0.08125
0 0.83125 0.5 0.04609375 0.1203125
0 0.8546875 0.584375 0.05078125 0.13203125
0 0.15859375 0.321875 0.03046875 0.09375
0 0.05390625 0.41875 0.02421875 0.06171875
0 0.65 0.69375 0.0625 0.2265625
0 0.853125 0.5171875 0.04453125 0.11484375
0 0.03828125 0.45859375 0.03203125 0.0859375
0 0.19609375 0.38515625 0.0328125 0.09375
0 0.50546875 0.303125 0.03046875 0.1015625
0 0.0953125 0.94296875 0.0921875 0.11171875
0 0.7375 0.940625 0.084375 0.11640625
0 0.80859375 0.47890625 0.03359375 0.0640625
0 0.93828125 0.50859375 0.0234375 0.0578125
0 0.834375 0.4578125 0.03203125 0.0796875
0 0.3171875 0.2703125 0.03046875 0.12734375
0 0.9578125 0.5359375 0.02890625 0.071875
0 0.9109375 0.4828125 0.03046875 0.06015625
0 0.29765625 0.2890625 0.03515625 0.12421875
0 0.71484375 0.34609375 0.021875 0.053125
0 0.6796875 0.33203125 0.0203125 0.04453125
0 0.05 0.503125 0.0375 0.075
0 0.815625 0.434375 0.01640625 0.03671875
0 0.784375 0.47421875 0.03125 0.07734375
0 0.69765625 0.34453125 0.01484375 0.0421875
0 0.896875 0.446875 0.0171875 0.0484375
0 0.72578125 0.3578125 0.0203125 0.05625
0 0.97578125 0.72890625 0.0484375 0.13046875