0 0.63203125 0.48203125 0.0484375 0.14921875
0 0.5890625 0.54375 0.04921875 0.17421875
0 0.48125 0.33671875 0.02890625 0.06875
0 0.2609375 0.49140625 0.04609375 0.09921875
0 0.88125 0.5765625 0.0328125 0.08671875
0 0.73671875 0.5296875 0.046875 0.16484375
0 0.66484375 0.4453125 0.04140625 0.146875
0 0.09765625 0.34296875 0.03046875 0.0765625
0 0.0875 0.4375 0.04921875 0.1671875
0 0.2109375 0.525 0.0359375 0.1046875
0 0.7296875 0.44453125 0.03203125 0.08984375
0 0.5265625 0.40625 0.04609375 0.115625
0 0.18359375 0.44453125 0.04140625 0.1859375
0 0.05625 0.3359375 0.02578125 0.07578125
0 0.94453125 0.54609375 0.04375 0.1125
0 0.4109375 0.3875 0.03515625 0.078125
0 0.3453125 0.46171875 0.03984375 0.1140625
0 0.57421875 0.4671875 0.05 0.1921875
0 0.69765625 0.44765625 0.0421875 0.11015625
0 0.0375 0.54609375 0.0421875 0.1296875
0 0.14609375 0.56953125 0.0484375 0.18125
0 0.76875 0.5578125 0.05 0.14296875
0 0.696875 0.34296875 0.01484375 0.03828125
0 0.6796875 0.33125 0.01640625 0.04296875
0 0.07890625 0.53125 0.05546875 0.11015625
0 0.78671875 0.63671875 0.04921875 0.11171875
0 0.92890625 0.67890625 0.0453125 0.12109375
0 0.64921875 0.62421875 0.03125 0.0953125
0 0.82109375 0.5578125 0.05390625 0.10546875
0 0.68671875 0.6203125 0.0625 0.19140625
0 0.46171875 0.575 0.04765625 0.1125
0 0.3125 0.2984375 0.03046875 0.14140625
0 0.315625 0.4046875 0.04609375 0.090625
0 0.8875 0.74140625 0.0828125 0.19453125
0 0.7234375 0.35546875 0.0203125 0.05
0 0.3765625 0.6609375 0.05 0.1328125
0 0.5875 0.3375 0.02734375 0.0703125
0 0.13828125 0.4515625 0.03984375 0.115625
0 0.13671875 0.38203125 0.03046875 0.09453125
0 0.8375 0.64765625 0.04921875 0.1265625
0 0.45859375 0.41953125 0.04140625 0.09296875
0 0.40859375 0.5828125 0.05546875 0.11484375
0 0.9203125 0.85234375 0.09375 0.2609375
0 0.2796875 0.68359375 0.05625 0.1125
0 0.796875 0.8546875 0.10703125 0.25546875
0 0.2953125 0.53828125 0.04296875 0.0953125
0 0.96796875 0.6390625 0.03515625 0.1
0 0.08125 0.83125 0.0828125 0.33046875
0 0.85625 0.52421875 0.025 0.05390625
0 0.334375 0.715625 0.06796875 0.225
0 0.053125 0.390625 0.02265625 0.0640625
0 0.44375 0.3453125 0.03359375 0.10625
0 0.41328125 0.4828125 0.053125 0.096875
0 0.06484375 0.7515625 0.04921875 0.1578125
0 0.36328125 0.38125 0.03203125 0.05546875
0 0.87578125 0.6546875 0.0453125 0.11328125
0 0.0734375 0.36796875 0.028125 0.08515625
0 0.51328125 0.334375 0.02734375 0.05390625
0 0.3828125 0.34609375 0.0296875 0.078125
0 0.13984375 0.8328125 0.1046875 0.321875
0 0.98671875 0.546875 0.0265625 0.05703125
0 0.9515625 0.509375 0.0296875 0.053125
0 0.446875 0.50859375 0.0390625 0.065625
0 0.37890625 0.43203125 0.03671875 0.0703125
0 0.3125 0.6 0.04921875 0.07890625
0 0.9546875 0.73515625 0.0421875 0.09609375
0 0.8203125 0.76875 0.06640625 0.11171875
0 0.92578125 0.6296875 0.04140625 0.05859375
0 0.04609375 0.67890625 0.03671875 0.1265625
0 0.02109375 0.6140625 0.0234375 0.0796875
0 0.49765625 0.35234375 0.021875 0.0484375
0 0.0828125 0.61953125 0.05546875 0.1109375
0 0.2328125 0.4890625 0.01875 0.0359375
0 0.90390625 0.6859375 0.046875 0.07421875
0 0.24921875 0.60078125 0.0609375 0.12734375
0 0.35625 0.4015625 0.0234375 0.04140625
0 0.365625 0.51171875 0.0390625 0.07578125
0 0.9203125 0.453125 0.03359375 0.0984375
0 0.05859375 0.4375 0.028125 0.0546875
0 0.290625 0.3609375 0.0265625 0.0828125
0 0.74765625 0.50078125 0.0375 0.0765625
0 0.48671875 0.46328125 0.0484375 0.09140625
0 0.8203125 0.62734375 0.04296875 0.071875
0 0.44609375 0.29921875 0.01640625 0.01796875
0 0.0390625 0.9390625 0.078125 0.115625
0 0.790625 0.77890625 0.0453125 0.096875
0 0.81953125 0.70546875 0.053125 0.1015625
0 0.18515625 0.35078125 0.01796875 0.03125
0 0.6203125 0.57265625 0.03828125 0.09375
0 0.3328125 0.31171875 0.0265625 0.05703125
0 0.6265625 0.6546875 0.02890625 0.053125
0 0.39296875 0.49921875 0.0203125 0.0359375
0 0.2125 0.340625 0.06640625 0.1796875
0 0.76796875 0.9515625 0.0609375 0.05625
0 0.5265625 0.4984375 0.0328125 0.06171875