0 0.559375 0.44609375 0.04140625 0.16953125
0 0.3765625 0.3328125 0.040625 0.12265625
0 0.396875 0.478125 0.0453125 0.19921875
0 0.2359375 0.5765625 0.03359375 0.0375
0 0.5203125 0.88828125 0.08984375 0.22109375
0 0.184375 0.54375 0.05625 0.13125
0 0.4578125 0.3109375 0.028125 0.13515625
0 0.428125 0.296875 0.0265625 0.11484375
0 0.1609375 0.725 0.0828125 0.28984375
0 0.49296875 0.3953125 0.03359375 0.11640625
0 0.12734375 0.32265625 0.02109375 0.07109375
0 0.4546875 0.8 0.08515625 0.34453125
0 0.0875 0.353125 0.0296875 0.1515625
0 0.24609375 0.7375 0.07734375 0.3296875
0 0.60859375 0.43125 0.03515625 0.16796875
0 0.615625 0.3515625 0.0171875 0.01875
0 0.534375 0.490625 0.04921875 0.18515625
0 0.15703125 0.42421875 0.0421875 0.19609375
0 0.50703125 0.27578125 0.025 0.10625
0 0.521875 0.38515625 0.05078125 0.1453125
0 0.54921875 0.73359375 0.02578125 0.03984375
0 0.33984375 0.35078125 0.0421875 0.11796875
0 0.33515625 0.47734375 0.05546875 0.175
0 0.278125 0.334375 0.034375 0.15546875
0 0.184375 0.375 0.0296875 0.128125
0 0.028125 0.675 0.05625 0.2859375
0 0.30703125 0.8453125 0.07890625 0.3015625
0 0.078125 0.64453125 0.05546875 0.1296875
0 0.115625 0.44609375 0.0515625 0.228125
0 0.80546875 0.38125 0.03125 0.10390625
0 0.3109375 0.33828125 0.03359375 0.1515625
0 0.4015625 0.27890625 0.02890625 0.08359375
0 0.784375 0.4703125 0.03125 0.10078125
0 0.4359375 0.540625 0.0375 0.1140625
0 0.225 0.39921875 0.034375 0.1140625
0 0.10625 0.3734375 0.03515625 0.13515625
0 0.3046875 0.62421875 0.08515625 0.20390625
0 0.67265625 0.484375 0.02265625 0.01953125
0 0.68359375 0.31953125 0.02578125 0.06953125
0 0.48828125 0.53203125 0.053125 0.1390625
0 0.0515625 0.44921875 0.05703125 0.13671875
0 0.075 0.790625 0.05234375 0.13046875
0 0.27578125 0.53046875 0.04375 0.0984375
0 0.36875 0.44921875 0.05 0.1921875
0 0.0234375 0.56875 0.04453125 0.10390625
0 0.6671875 0.56640625 0.05390625 0.0921875
0 0.78515625 0.6671875 0.0296875 0.0390625
0 0.24453125 0.340625 0.03671875 0.0734375
0 0.6375 0.3921875 0.03515625 0.0875
0 0.70390625 0.35 0.02265625 0.04296875
0 0.2984375 0.5015625 0.0546875 0.11015625
0 0.77578125 0.7484375 0.0328125 0.0421875
0 0.50078125 0.34140625 0.03671875 0.06875
0 0.975 0.73046875 0.05 0.12890625
0 0.775 0.40078125 0.02265625 0.046875
0 0.7265625 0.34453125 0.02265625 0.06953125
0 0.0484375 0.68828125 0.0640625 0.1109375
0 0.81015625 0.478125 0.0359375 0.07734375
0 0.15390625 0.32578125 0.01953125 0.01640625
0 0.4109375 0.33359375 0.03359375 0.08046875
0 0.89453125 0.596875 0.05 0.065625
0 0.94453125 0.63203125 0.04140625 0.06875
0 0.73203125 0.8703125 0.09453125 0.25703125
0 0.04375 0.5359375 0.0375 0.09921875
0 0.1703125 0.31640625 0.02109375 0.065625
0 0.896875 0.46171875 0.02109375 0.05703125
0 0.16953125 0.29765625 0.01484375 0.02890625
0 0.47578125 0.44296875 0.0359375 0.09921875
0 0.53125 0.78984375 0.0765625 0.14765625
0 0.9359375 0.5765625 0.03515625 0.0796875
0 0.18203125 0.325 0.025 0.0578125
0 0.1609375 0.6515625 0.07890625 0.08984375
0 0.065625 0.553125 0.0328125 0.0625
0 0.909375 0.55390625 0.021875 0.03203125
0 0.67578125 0.31484375 0.01484375 0.0375
0 0.746875 0.821875 0.06796875 0.10859375
0 0.11640625 0.6953125 0.05078125 0.1171875
0 0.43828125 0.44453125 0.0546875 0.1046875
0 0.69765625 0.90546875 0.0265625 0.0703125