0 0.32109375 0.33203125 0.01640625 0.0421875
0 0.303125 0.34296875 0.01484375 0.03828125
0 0.61484375 0.34609375 0.0296875 0.065625
0 0.421875 0.453125 0.05390625 0.1921875
0 0.58203125 0.47890625 0.04765625 0.09453125
0 0.68125 0.415625 0.0421875 0.1
0 0.27578125 0.3546875 0.01953125 0.05234375
0 0.2625 0.5125 0.05234375 0.16953125
0 0.6453125 0.378125 0.025 0.0515625
0 0.5859375 0.575 0.06328125 0.115625
0 0.53515625 0.56328125 0.0453125 0.11484375
0 0.71796875 0.30625 0.0328125 0.15625
0 0.8328125 0.5296875 0.03671875 0.07265625
0 0.0421875 0.5953125 0.05078125 0.13359375
0 0.08671875 0.6109375 0.03515625 0.08515625
0 0.33125 0.46171875 0.06171875 0.175
0 0.6015625 0.4734375 0.02890625 0.0828125
0 0.86328125 0.39140625 0.03046875 0.09453125
0 0.90078125 0.8765625 0.10078125 0.23984375
0 0.7859375 0.51484375 0.05625 0.11328125
0 0.58359375 0.390625 0.03984375 0.08515625
0 0.9671875 0.565625 0.03515625 0.109375
0 0.9546875 0.49921875 0.03125 0.10546875
0 0.95078125 0.37421875 0.0296875 0.1328125
0 0.73671875 0.7171875 0.071875 0.28671875
0 0.96875 0.9421875 0.0609375 0.115625
0 0.92265625 0.67890625 0.0828125 0.24453125
0 0.1625 0.59140625 0.0390625 0.08203125
0 0.74375 0.48203125 0.04453125 0.09140625
0 0.70546875 0.5796875 0.04375 0.0859375
0 0.221875 0.64609375 0.0453125 0.14296875
0 0.1890625 0.55390625 0.0375 0.08671875
0 0.62421875 0.43671875 0.0328125 0.07890625
0 0.928125 0.55078125 0.0515625 0.11015625
0 0.12421875 0.60625 0.04921875 0.1140625
0 0.5546875 0.51640625 0.03671875 0.06796875
0 0.453125 0.41171875 0.04140625 0.07109375
0 0.8125 0.6734375 0.06640625 0.24375
0 0.5546875 0.41015625 0.04921875 0.09375
0 0.915625 0.4578125 0.05546875 0.1734375
0 0.49765625 0.32421875 0.03671875 0.0828125
0 0.63984375 0.64921875 0.0421875 0.1125
0 0.09453125 0.846875 0.11484375 0.2875
0 0.6765625 0.63046875 0.05703125 0.1125
0 0.34375 0.41875 0.0453125 0.07734375
0 0.06640625 0.76015625 0.071875 0.146875
0 0.2015625 0.703125 0.0765625 0.20546875
0 0.2703125 0.90546875 0.090625 0.18359375
0 0.63671875 0.490625 0.05234375 0.11796875
0 0.83828125 0.35078125 0.03125 0.16171875
0 0.946875 0.74921875 0.05625 0.196875
0 0.48203125 0.39609375 0.04765625 0.1078125
0 0.65546875 0.4546875 0.034375 0.08515625
0 0.121875 0.68125 0.071875 0.14765625
0 0.3953125 0.465625 0.04609375 0.0921875
0 0.49453125 0.7875 0.07734375 0.3328125
0 0.60703125 0.8078125 0.08125 0.2328125
0 0.5125 0.478125 0.0390625 0.0921875
0 0.51875 0.3453125 0.0234375 0.046875
0 0.3640625 0.47265625 0.0421875 0.14609375
0 0.353125 0.80546875 0.0796875 0.2953125
0 0.73984375 0.634375 0.05 0.11640625
0 0.60625 0.5875 0.02421875 0.0578125
0 0.81484375 0.57890625 0.04140625 0.0796875
0 0.98203125 0.78203125 0.034375 0.1046875
0 0.06875 0.69609375 0.0484375 0.11171875
0 0.05859375 0.64921875 0.04296875 0.10078125
0 0.1546875 0.6625 0.05546875 0.16171875
0 0.234375 0.8515625 0.04140625 0.0703125
0 0.9125 0.63359375 0.04296875 0.1046875
0 0.015625 0.625 0.03125 0.13125
0 0.60390625 0.6703125 0.05546875 0.1140625
0 0.33046875 0.6890625 0.03359375 0.06171875
0 0.68828125 0.72734375 0.0484375 0.1171875
0 0.46171875 0.490625 0.04296875 0.090625
0 0.14140625 0.84296875 0.0625 0.1265625
0 0.67265625 0.30625 0.03359375 0.0640625
0 0.584375 0.7671875 0.0421875 0.08984375
0 0.48984375 0.47578125 0.0296875 0.059375
0 0.6125 0.7359375 0.04765625 0.09140625
0 0.34765625 0.73828125 0.06328125 0.10859375
0 0.38125 0.57578125 0.0296875 0.0765625