0 0.27578125 0.3546875 0.01953125 0.04765625
0 0.91875 0.396875 0.034375 0.103125
0 0.665625 0.24921875 0.02734375 0.08046875
0 0.3203125 0.33515625 0.01796875 0.0359375
0 0.48203125 0.2625 0.0203125 0.04453125
0 0.20078125 0.5203125 0.0546875 0.15625
0 0.52890625 0.41640625 0.04453125 0.18515625
0 0.57734375 0.50078125 0.0546875 0.1984375
0 0.51015625 0.2671875 0.02421875 0.0578125
0 0.3140625 0.46796875 0.0578125 0.18203125
0 0.8109375 0.4140625 0.040625 0.18359375
0 0.67265625 0.396875 0.053125 0.184375
0 0.80859375 0.60859375 0.04765625 0.1375
0 0.8515625 0.52265625 0.059375 0.16875
0 0.88515625 0.50234375 0.03671875 0.084375
0 0.25 0.55625 0.059375 0.21015625
0 0.98046875 0.61015625 0.03828125 0.07578125
0 0.41796875 0.5375 0.05625 0.21875
0 0.81328125 0.56875 0.0359375 0.05234375
0 0.47734375 0.41953125 0.040625 0.18203125
0 0.396875 0.4140625 0.0453125 0.09765625
0 0.921875 0.48671875 0.0359375 0.11953125
0 0.9421875 0.615625 0.03359375 0.1078125
0 0.05390625 0.55703125 0.040625 0.1390625
0 0.859375 0.75078125 0.06171875 0.16953125
0 0.6875 0.2703125 0.0265625 0.08203125
0 0.76953125 0.33125 0.01953125 0.0515625
0 0.77734375 0.4796875 0.04921875 0.19765625
0 0.8171875 0.33984375 0.0265625 0.06171875
0 0.75234375 0.365625 0.02734375 0.0796875
0 0.8453125 0.390625 0.025 0.1078125
0 0.38125 0.5703125 0.0625 0.240625
0 0.55234375 0.2515625 0.025 0.05390625
0 0.171875 0.5078125 0.053125 0.1484375
0 0.09453125 0.59296875 0.0640625 0.14609375
0 0.7359375 0.35078125 0.025 0.0515625
0 0.97265625 0.7109375 0.0546875 0.196875
0 0.43671875 0.38125 0.0375 0.134375
0 0.76640625 0.9015625 0.0875 0.1921875
0 0.9765625 0.49453125 0.0453125 0.13125
0 0.96015625 0.88984375 0.078125 0.21953125
0 0.925 0.75859375 0.06875 0.17734375
0 0.73125 0.46015625 0.04609375 0.19921875
0 0.5046875 0.2953125 0.034375 0.06796875
0 0.7078125 0.67421875 0.04296875 0.10859375
0 0.0703125 0.5171875 0.03203125 0.06171875
0 0.765625 0.765625 0.059375 0.1703125
0 0.83671875 0.878125 0.08046875 0.23203125
0 0.78359375 0.334375 0.01953125 0.0484375
0 0.6046875 0.4375 0.0484375 0.19140625
0 0.28125 0.51484375 0.05390625 0.18125
0 0.02421875 0.68359375 0.046875 0.2
0 0.14453125 0.55546875 0.05546875 0.15703125
0 0.04296875 0.8296875 0.03125 0.04140625
0 0.0828125 0.903125 0.1046875 0.19140625
0 0.0328125 0.58359375 0.046875 0.15859375
0 0.86484375 0.38359375 0.02265625 0.09296875
0 0.6125 0.3140625 0.02734375 0.07109375
0 0.0796875 0.56875 0.0328125 0.0578125
0 0.2953125 0.6015625 0.04140625 0.10546875
0 0.57734375 0.31640625 0.04296875 0.0859375
0 0.88515625 0.62109375 0.0546875 0.1234375
0 0.82734375 0.446875 0.03359375 0.1625
0 0.39921875 0.3546875 0.04375 0.0796875
0 0.9453125 0.5671875 0.03359375 0.090625
0 0.08515625 0.46875 0.02890625 0.07109375
0 0.890625 0.46484375 0.02890625 0.08046875
0 0.5640625 0.45234375 0.03984375 0.071875
0 0.9 0.9078125 0.065625 0.140625
0 0.78828125 0.8078125 0.040625 0.07265625
0 0.78203125 0.675 0.046875 0.0734375
0 0.98515625 0.65078125 0.02890625 0.05859375
0 0.50625 0.40546875 0.0453125 0.08828125
0 0.6234375 0.37265625 0.0390625 0.12578125
0 0.7421875 0.6375 0.0484375 0.11875
0 0.98203125 0.91484375 0.03515625 0.1375
0 0.73203125 0.73984375 0.04453125 0.1796875
0 0.09765625 0.521875 0.0296875 0.0625
0 0.20703125 0.45625 0.0203125 0.04765625
0 0.0828125 0.44609375 0.01875 0.03203125
0 0.8046875 0.70234375 0.040625 0.1234375