0 0.3296875 0.3015625 0.0265625 0.05078125
0 0.22578125 0.42109375 0.03671875 0.075
0 0.13984375 0.403125 0.03125 0.071875
0 0.1109375 0.3703125 0.02109375 0.05546875
0 0.0875 0.4953125 0.04140625 0.128125
0 0.31171875 0.46015625 0.046875 0.1
0 0.3046875 0.36796875 0.02734375 0.0609375
0 0.2640625 0.540625 0.05703125 0.1078125
0 0.159375 0.509375 0.04921875 0.10078125
0 0.14140625 0.36171875 0.0234375 0.0609375
0 0.09609375 0.45234375 0.03203125 0.08359375
0 0.08125 0.3828125 0.0234375 0.07734375
0 0.490625 0.46171875 0.03359375 0.08203125
0 0.1546875 0.43671875 0.03359375 0.06875
0 0.38359375 0.59453125 0.05078125 0.11484375
0 0.1984375 0.49140625 0.0390625 0.10859375
0 0.375 0.5203125 0.040625 0.10234375
0 0.23203125 0.484375 0.03515625 0.0984375
0 0.18515625 0.59453125 0.0515625 0.08828125
0 0.34140625 0.60703125 0.0546875 0.125
0 0.1671875 0.36328125 0.025 0.075
0 0.228125 0.346875 0.02421875 0.05390625
0 0.46953125 0.48515625 0.0359375 0.1046875
0 0.19609375 0.35390625 0.0234375 0.0640625
0 0.09921875 0.590625 0.040625 0.10234375
0 0.3890625 0.42578125 0.03046875 0.0828125
0 0.5359375 0.46953125 0.0296875 0.0921875
0 0.2046875 0.39921875 0.02734375 0.0765625
0 0.5890625 0.52890625 0.03125 0.1015625
0 0.33203125 0.40390625 0.03125 0.0703125
0 0.5125 0.42109375 0.02890625 0.08984375
0 0.5078125 0.35 0.02578125 0.0703125
0 0.46953125 0.384375 0.0328125 0.07734375
0 0.296875 0.515625 0.0390625 0.1109375
0 0.57109375 0.4140625 0.028125 0.078125
0 0.4734375 0.55 0.0578125 0.121875
0 0.0578125 0.49609375 0.046875 0.14609375
0 0.2703125 0.4609375 0.03515625 0.07734375
0 0.48203125 0.41875 0.040625 0.071875
0 0.440625 0.86796875 0.09453125 0.2640625
0 0.3953125 0.4953125 0.0328125 0.10234375
0 0.1125 0.409375 0.0265625 0.0765625
0 0.24296875 0.634375 0.065625 0.134375
0 0.2984375 0.4109375 0.03515625 0.08125
0 0.5203125 0.5421875 0.04765625 0.12265625
0 0.23515625 0.38515625 0.028125 0.07109375
0 0.25 0.35234375 0.025 0.0703125
0 0.2140625 0.55390625 0.046875 0.0921875
0 0.4625 0.346875 0.02734375 0.0453125
0 0.35859375 0.36171875 0.0265625 0.0515625
0 0.47890625 0.31640625 0.02109375 0.034375
0 0.4390625 0.32890625 0.0234375 0.04609375
0 0.32578125 0.33671875 0.02421875 0.05390625
0 0.26875 0.3796875 0.02578125 0.0640625
0 0.3640625 0.39375 0.03203125 0.059375
0 0.5015625 0.3109375 0.021875 0.04609375
0 0.721875 0.3578125 0.0203125 0.0421875
0 0.36171875 0.4453125 0.034375 0.0953125
0 0.121875 0.44609375 0.0296875 0.0921875
0 0.3515625 0.3375 0.02578125 0.05078125
0 0.41796875 0.3875 0.0328125 0.090625
0 0.54296875 0.4171875 0.034375 0.08515625
0 0.3828125 0.3640625 0.0265625 0.0671875
0 0.30078125 0.3390625 0.0234375 0.05
0 0.3375 0.528125 0.04140625 0.09296875
0 0.1875 0.6578125 0.05703125 0.11953125
0 0.05390625 0.6203125 0.04296875 0.0859375
0 0.6796875 0.334375 0.01640625 0.0421875
0 0.43828125 0.390625 0.02734375 0.08046875
0 0.396875 0.33125 0.02109375 0.04921875
0 0.27890625 0.35078125 0.021875 0.065625
0 0.259375 0.42890625 0.034375 0.090625
0 0.42890625 0.50078125 0.04296875 0.09375
0 0.48515625 0.35390625 0.02265625 0.05703125
0 0.69453125 0.34140625 0.0203125 0.04296875
0 0.0375 0.6859375 0.04609375 0.18984375
0 0.12265625 0.68984375 0.06484375 0.1171875
0 0.36953125 0.328125 0.02109375 0.04609375
0 0.55625 0.54375 0.0359375 0.09765625
0 0.77734375 0.396875 0.02265625 0.05078125
0 0.43046875 0.77265625 0.03828125 0.06796875
0 0.06953125 0.69375 0.04921875 0.12578125
0 0.03046875 0.628125 0.0296875 0.0890625
0 0.5125 0.79453125 0.08125 0.13359375
0 0.42109375 0.34609375 0.03515625 0.0578125
0 0.81484375 0.434375 0.0171875 0.03671875
0 0.9734375 0.7359375 0.053125 0.12109375
0 0.94609375 0.62421875 0.05234375 0.084375
0 0.89140625 0.5921875 0.04765625 0.0734375
0 0.9 0.465625 0.025 0.04921875
0 0.890625 0.45234375 0.015625 0.034375
0 0.93515625 0.5859375 0.0265625 0.07109375
0 0.8109375 0.48125 0.04296875 0.09296875
0 0.953125 0.59609375 0.02109375 0.05703125