0 0.615625 0.35859375 0.028125 0.06015625
0 0.90078125 0.58828125 0.040625 0.1046875
0 0.4109375 0.5265625 0.0296875 0.103125
0 0.803125 0.36171875 0.028125 0.071875
0 0.7484375 0.35 0.025 0.06484375
0 0.74140625 0.43046875 0.0328125 0.08984375
0 0.6375 0.4484375 0.034375 0.090625
0 0.4921875 0.346875 0.02578125 0.06953125
0 0.4796875 0.54453125 0.04765625 0.1203125
0 0.675 0.334375 0.02421875 0.05390625
0 0.42890625 0.415625 0.028125 0.07578125
0 0.53125 0.3828125 0.0328125 0.078125
0 0.84140625 0.50703125 0.04609375 0.09765625
0 0.6953125 0.3703125 0.028125 0.06328125
0 0.496875 0.31328125 0.02421875 0.06015625
0 0.6234375 0.51796875 0.04453125 0.10625
0 0.8015625 0.49453125 0.0359375 0.09921875
0 0.45625 0.415625 0.034375 0.0828125
0 0.51640625 0.35 0.025 0.06015625
0 0.875 0.68984375 0.0671875 0.12109375
0 0.775 0.4203125 0.0359375 0.078125
0 0.725 0.3828125 0.0296875 0.07265625
0 0.875 0.45546875 0.03203125 0.07578125
0 0.66875 0.36484375 0.02734375 0.05546875
0 0.48828125 0.4203125 0.02890625 0.08515625
0 0.69453125 0.4609375 0.0390625 0.09609375
0 0.53984375 0.34765625 0.02578125 0.0484375
0 0.94296875 0.61875 0.0421875 0.09375
0 0.725 0.4625 0.0375 0.0796875
0 0.66875 0.29921875 0.02734375 0.05234375
0 0.90546875 0.459375 0.0359375 0.0828125
0 0.6109375 0.428125 0.02890625 0.0796875
0 0.91875 0.38046875 0.02265625 0.07421875
0 0.64140625 0.3625 0.02734375 0.05546875
0 0.79921875 0.45390625 0.02890625 0.05390625
0 0.53515625 0.4828125 0.03828125 0.10078125
0 0.51796875 0.4171875 0.03828125 0.0703125
0 0.8328125 0.36796875 0.02890625 0.07734375
0 0.76484375 0.4859375 0.0390625 0.09921875
0 0.76328125 0.384375 0.028125 0.06484375
0 0.63125 0.32890625 0.021875 0.05
0 0.5234375 0.553125 0.05859375 0.1203125
0 0.6140625 0.596875 0.0515625 0.1109375
0 0.7015625 0.40546875 0.03515625 0.0734375
0 0.44296875 0.54609375 0.03671875 0.090625
0 0.69921875 0.3375 0.02421875 0.05390625
0 0.8625 0.40625 0.0265625 0.06796875
0 0.66171875 0.521875 0.04296875 0.1046875
0 0.7375 0.53671875 0.04921875 0.11171875
0 0.93515625 0.47421875 0.03125 0.09296875
0 0.79296875 0.40234375 0.0265625 0.0703125
0 0.8890625 0.41015625 0.02578125 0.0578125
0 0.72265625 0.33984375 0.02421875 0.059375
0 0.928125 0.68984375 0.04921875 0.1328125
0 0.78203125 0.55078125 0.03984375 0.09609375
0 0.57109375 0.503125 0.0421875 0.08046875
0 0.66875 0.4015625 0.028125 0.06328125
0 0.85703125 0.36484375 0.02578125 0.06640625
0 0.7578125 0.634375 0.0640625 0.125
0 0.584375 0.3953125 0.03046875 0.075
0 0.8140625 0.65703125 0.05859375 0.12265625
0 0.66796875 0.45625 0.03125 0.08046875
0 0.51171875 0.46640625 0.0328125 0.09453125
0 0.91171875 0.5015625 0.0375 0.0953125
0 0.771875 0.34765625 0.02578125 0.0484375
0 0.8453125 0.43671875 0.03359375 0.065625
0 0.559375 0.390625 0.028125 0.0796875
0 0.60390625 0.3328125 0.02109375 0.0546875
0 0.6484375 0.33671875 0.02421875 0.05234375
0 0.56171875 0.321875 0.0234375 0.04453125
0 0.66015625 0.6078125 0.05859375 0.11953125
0 0.18515625 0.43359375 0.01640625 0.03828125
0 0.9453125 0.5421875 0.0390625 0.0859375
0 0.61015625 0.39296875 0.0265625 0.05
0 0.18828125 0.48203125 0.04375 0.096875
0 0.465625 0.46796875 0.03203125 0.09375
0 0.70078125 0.51953125 0.0375 0.10859375
0 0.10859375 0.5921875 0.0421875 0.06875
0 0.8109375 0.59609375 0.05546875 0.08671875
0 0.88671875 0.3734375 0.0203125 0.059375
0 0.29375 0.34921875 0.01484375 0.0390625
0 0.28125 0.3578125 0.02109375 0.04765625
0 0.0578125 0.6265625 0.04453125 0.0796875
0 0.1078125 0.4671875 0.03828125 0.06484375
0 0.02421875 0.73515625 0.04765625 0.12109375
0 0.31953125 0.33125 0.01953125 0.04453125
0 0.078125 0.45078125 0.01796875 0.040625
0 0.43203125 0.78125 0.08125 0.21484375
0 0.11640625 0.40078125 0.0234375 0.0625
0 0.21953125 0.38984375 0.02109375 0.05
0 0.584375 0.35234375 0.028125 0.05
0 0.1109375 0.453125 0.0140625 0.03125
0 0.09375 0.55703125 0.02421875 0.04609375
0 0.76796875 0.61484375 0.03828125 0.05390625
0 0.01953125 0.55859375 0.0390625 0.1390625
0 0.06484375 0.5828125 0.025 0.0640625
0 0.07734375 0.60859375 0.025 0.05546875
0 0.465625 0.6859375 0.021875 0.02734375