0 0.40625 0.4359375 0.0359375 0.2015625
0 0.50234375 0.28671875 0.0296875 0.1328125
0 0.3765625 0.4265625 0.04609375 0.2109375
0 0.02890625 0.63125 0.05703125 0.19453125
0 0.33203125 0.446875 0.046875 0.2046875
0 0.334375 0.27734375 0.03671875 0.13203125
0 0.2234375 0.76640625 0.0828125 0.278125
0 0.215625 0.44609375 0.0515625 0.1953125
0 0.278125 0.44296875 0.05078125 0.20078125
0 0.03125 0.90078125 0.06171875 0.19453125
0 0.27578125 0.34453125 0.0171875 0.02265625
0 0.2 0.33125 0.0171875 0.01875
0 0.24375 0.33515625 0.0171875 0.0171875
0 0.09921875 0.3265625 0.01953125 0.09296875
0 0.2578125 0.67109375 0.0671875 0.23515625
0 0.1640625 0.44375 0.040625 0.18828125
0 0.12421875 0.72734375 0.08515625 0.27734375
0 0.196875 0.59453125 0.065625 0.22578125
0 0.09453125 0.909375 0.0828125 0.17890625
0 0.30625 0.28515625 0.03125 0.1203125
0 0.0421875 0.3875 0.02265625 0.0796875
0 0.75 0.77734375 0.034375 0.05625
0 0.14453125 0.37578125 0.0328125 0.10859375
0 0.81328125 0.51875 0.0328125 0.065625
0 0.7296875 0.87421875 0.08359375 0.246875
0 0.1484375 0.315625 0.02109375 0.07421875
0 0.97890625 0.72578125 0.0421875 0.1390625
0 0.3375 0.90859375 0.1046875 0.178125
0 0.609375 0.58359375 0.03046875 0.05078125
0 0.3796875 0.33046875 0.01953125 0.01875
0 0.05625 0.4484375 0.0421875 0.15078125
0 0.49375 0.93203125 0.090625 0.134375
0 0.66953125 0.88828125 0.04453125 0.0671875
0 0.709375 0.30546875 0.02265625 0.071875
0 0.03046875 0.475 0.03828125 0.11015625
0 0.15625 0.93515625 0.08515625 0.128125
0 0.6265625 0.9234375 0.0953125 0.1453125
0 0.946875 0.80390625 0.0296875 0.04765625
0 0.6421875 0.75703125 0.0328125 0.05546875
0 0.0671875 0.38515625 0.02890625 0.0859375
0 0.91328125 0.48984375 0.025 0.0703125
0 0.33203125 0.86015625 0.04140625 0.075
0 0.909375 0.87890625 0.0984375 0.20078125
0 0.68125 0.69296875 0.065625 0.22578125
0 0.79765625 0.6125 0.0625 0.15390625
0 0.06953125 0.85234375 0.03671875 0.059375
0 0.075 0.57109375 0.059375 0.1328125
0 0.14921875 0.5078125 0.05078125 0.18125
0 0.11796875 0.365625 0.03125 0.125
0 0.1890625 0.4125 0.03671875 0.15703125
0 0.89140625 0.48125 0.0296875 0.06640625
0 0.2921875 0.35078125 0.028125 0.08515625
0 0.13046875 0.3015625 0.01796875 0.05625
0 0.7671875 0.36171875 0.01640625 0.06953125
0 0.015625 0.825 0.03046875 0.04765625
0 0.79609375 0.4859375 0.03671875 0.06484375
0 0.8875 0.5765625 0.04609375 0.140625
0 0.959375 0.63046875 0.0671875 0.17265625
0 0.92578125 0.5984375 0.06015625 0.15
0 0.85 0.61015625 0.05859375 0.1515625
0 0.81875 0.465625 0.03203125 0.065625
0 0.240625 0.3921875 0.03828125 0.11953125
0 0.7078125 0.59296875 0.03515625 0.09453125
0 0.1140625 0.45859375 0.0375 0.134375
0 0.6828125 0.3328125 0.02421875 0.04296875
0 0.74296875 0.3609375 0.0203125 0.04609375
0 0.70390625 0.35 0.0234375 0.03984375
0 0.53828125 0.73359375 0.05859375 0.2203125
0 0.2453125 0.93828125 0.096875 0.1234375
0 0.94140625 0.52265625 0.040625 0.08828125
0 0.8484375 0.9453125 0.09765625 0.10703125
0 0.725 0.3625 0.01875 0.03828125
0 0.82421875 0.434375 0.01640625 0.0203125
0 0.29375 0.30390625 0.015625 0.0125
0 0.70390625 0.525 0.02265625 0.0390625
0 0.475 0.984375 0.0453125 0.03046875
0 0.68671875 0.6046875 0.021875 0.01640625