0 0.50859375 0.35 0.0265625 0.0734375
0 0.51328125 0.4203125 0.0296875 0.08984375
0 0.3046875 0.3671875 0.02734375 0.05546875
0 0.5890625 0.52890625 0.0296875 0.1
0 0.50234375 0.315625 0.0234375 0.0578125
0 0.55625 0.53828125 0.03671875 0.10546875
0 0.25 0.35703125 0.02734375 0.08125
0 0.278125 0.3453125 0.02421875 0.06953125
0 0.39765625 0.3328125 0.01796875 0.05
0 0.228125 0.34609375 0.025 0.0515625
0 0.48203125 0.421875 0.03984375 0.06875
0 0.48046875 0.31484375 0.021875 0.0375
0 0.47421875 0.55390625 0.06015625 0.11953125
0 0.3109375 0.45546875 0.0515625 0.0921875
0 0.371875 0.3296875 0.021875 0.05234375
0 0.36171875 0.4484375 0.03046875 0.0890625
0 0.325 0.33671875 0.02421875 0.0546875
0 0.38515625 0.36484375 0.028125 0.06796875
0 0.57109375 0.41328125 0.0296875 0.08046875
0 0.54375 0.41796875 0.03359375 0.08359375
0 0.43046875 0.490625 0.0421875 0.10859375
0 0.4859375 0.465625 0.0421875 0.08671875
0 0.071875 0.684375 0.05234375 0.14375
0 0.4828125 0.35 0.02421875 0.06328125
0 0.33203125 0.30078125 0.02578125 0.053125
0 0.2328125 0.38515625 0.028125 0.075
0 0.234375 0.478125 0.0421875 0.1015625
0 0.2984375 0.41015625 0.03671875 0.078125
0 0.08046875 0.38046875 0.02578125 0.07890625
0 0.29921875 0.3359375 0.0234375 0.0484375
0 0.3765625 0.51484375 0.04140625 0.1109375
0 0.46953125 0.3828125 0.03203125 0.08203125
0 0.05703125 0.615625 0.03984375 0.09453125
0 0.20546875 0.40234375 0.02890625 0.075
0 0.3375 0.5296875 0.04140625 0.0921875
0 0.39609375 0.49921875 0.034375 0.09453125
0 0.10078125 0.58515625 0.04140625 0.1015625
0 0.225 0.421875 0.03671875 0.08046875
0 0.5140625 0.79296875 0.0796875 0.13359375
0 0.165625 0.4296875 0.0328125 0.08203125
0 0.11953125 0.45390625 0.03203125 0.0765625
0 0.06484375 0.475 0.0328125 0.090625
0 0.09140625 0.4859375 0.04140625 0.103125
0 0.109375 0.4078125 0.02734375 0.07734375
0 0.14140625 0.36640625 0.025 0.071875
0 0.5359375 0.471875 0.03046875 0.08671875
0 0.33046875 0.40390625 0.028125 0.06796875
0 0.05703125 0.53984375 0.0421875 0.090625
0 0.1984375 0.49140625 0.03671875 0.10390625
0 0.18671875 0.64296875 0.0578125 0.14765625
0 0.38984375 0.4140625 0.03125 0.08515625
0 0.940625 0.47265625 0.03828125 0.11484375
0 0.1234375 0.68203125 0.06796875 0.1375
0 0.140625 0.40546875 0.03125 0.07734375
0 0.26875 0.3734375 0.0203125 0.06171875
0 0.1609375 0.50625 0.05 0.096875
0 0.03359375 0.69375 0.04375 0.1953125
0 0.19609375 0.35859375 0.028125 0.07265625
0 0.26171875 0.42734375 0.0328125 0.09296875
0 0.94296875 0.6203125 0.0484375 0.08984375
0 0.33046875 0.3640625 0.02734375 0.0625
0 0.21640625 0.5515625 0.0359375 0.09140625
0 0.41640625 0.396875 0.02890625 0.06796875
0 0.34140625 0.61015625 0.05390625 0.13046875
0 0.3859375 0.5859375 0.053125 0.125
0 0.51953125 0.540625 0.0453125 0.11953125
0 0.27734375 0.5265625 0.05234375 0.096875
0 0.440625 0.3828125 0.03125 0.090625
0 0.10859375 0.3734375 0.01953125 0.0640625
0 0.8921875 0.5890625 0.04609375 0.06953125
0 0.46796875 0.49296875 0.0359375 0.0828125
0 0.97421875 0.73671875 0.05078125 0.11796875
0 0.68046875 0.3328125 0.0171875 0.04453125
0 0.72109375 0.35546875 0.021875 0.0453125
0 0.2296875 0.6375 0.046875 0.14765625
0 0.26640625 0.61640625 0.0703125 0.20703125
0 0.98046875 0.52890625 0.0390625 0.16796875
0 0.678125 0.76640625 0.03515625 0.05078125
0 0.89375 0.465625 0.03515625 0.06484375
0 0.65078125 0.865625 0.08828125 0.26015625
0 0.7765625 0.3984375 0.021875 0.0453125
0 0.79140625 0.39375 0.0203125 0.03671875
0 0.16875 0.3734375 0.028125 0.06015625
0 0.8078125 0.47578125 0.04609375 0.10703125