0 0.49140625 0.35 0.0265625 0.0734375
0 0.48671875 0.4203125 0.0296875 0.08984375
0 0.6953125 0.3671875 0.02734375 0.05546875
0 0.4109375 0.52890625 0.0296875 0.1
0 0.49765625 0.315625 0.0234375 0.0578125
0 0.44375 0.53828125 0.03671875 0.10546875
0 0.75 0.35703125 0.02734375 0.08125
0 0.721875 0.3453125 0.02421875 0.06953125
0 0.60234375 0.3328125 0.01796875 0.05
0 0.771875 0.34609375 0.025 0.0515625
0 0.51796875 0.421875 0.03984375 0.06875
0 0.51953125 0.31484375 0.021875 0.0375
0 0.52578125 0.55390625 0.06015625 0.11953125
0 0.6890625 0.45546875 0.0515625 0.0921875
0 0.628125 0.3296875 0.021875 0.05234375
0 0.63828125 0.4484375 0.03046875 0.0890625
0 0.675 0.33671875 0.02421875 0.0546875
0 0.61484375 0.36484375 0.028125 0.06796875
0 0.42890625 0.41328125 0.0296875 0.08046875
0 0.45625 0.41796875 0.03359375 0.08359375
0 0.56953125 0.490625 0.0421875 0.10859375
0 0.5140625 0.465625 0.0421875 0.08671875
0 0.928125 0.684375 0.05234375 0.14375
0 0.5171875 0.35 0.02421875 0.06328125
0 0.66796875 0.30078125 0.02578125 0.053125
0 0.7671875 0.38515625 0.028125 0.075
0 0.765625 0.478125 0.0421875 0.1015625
0 0.7015625 0.41015625 0.03671875 0.078125
0 0.91953125 0.38046875 0.02578125 0.07890625
0 0.70078125 0.3359375 0.0234375 0.0484375
0 0.6234375 0.51484375 0.04140625 0.1109375
0 0.53046875 0.3828125 0.03203125 0.08203125
0 0.94296875 0.615625 0.03984375 0.09453125
0 0.79453125 0.40234375 0.02890625 0.075
0 0.6625 0.5296875 0.04140625 0.0921875
0 0.60390625 0.49921875 0.034375 0.09453125
0 0.89921875 0.58515625 0.04140625 0.1015625
0 0.775 0.421875 0.03671875 0.08046875
0 0.4859375 0.79296875 0.0796875 0.13359375
0 0.834375 0.4296875 0.0328125 0.08203125
0 0.88046875 0.45390625 0.03203125 0.0765625
0 0.93515625 0.475 0.0328125 0.090625
0 0.90859375 0.4859375 0.04140625 0.103125
0 0.890625 0.4078125 0.02734375 0.07734375
0 0.85859375 0.36640625 0.025 0.071875
0 0.4640625 0.471875 0.03046875 0.08671875
0 0.66953125 0.40390625 0.028125 0.06796875
0 0.94296875 0.53984375 0.0421875 0.090625
0 0.8015625 0.49140625 0.03671875 0.10390625
0 0.81328125 0.64296875 0.0578125 0.14765625
0 0.61015625 0.4140625 0.03125 0.08515625
0 0.059375 0.47265625 0.03828125 0.11484375
0 0.8765625 0.68203125 0.06796875 0.1375
0 0.859375 0.40546875 0.03125 0.07734375
0 0.73125 0.3734375 0.0203125 0.06171875
0 0.8390625 0.50625 0.05 0.096875
0 0.96640625 0.69375 0.04375 0.1953125
0 0.80390625 0.35859375 0.028125 0.07265625
0 0.73828125 0.42734375 0.0328125 0.09296875
0 0.05703125 0.6203125 0.0484375 0.08984375
0 0.66953125 0.3640625 0.02734375 0.0625
0 0.78359375 0.5515625 0.0359375 0.09140625
0 0.58359375 0.396875 0.02890625 0.06796875
0 0.65859375 0.61015625 0.05390625 0.13046875
0 0.6140625 0.5859375 0.053125 0.125
0 0.48046875 0.540625 0.0453125 0.11953125
0 0.72265625 0.5265625 0.05234375 0.096875
0 0.559375 0.3828125 0.03125 0.090625
0 0.89140625 0.3734375 0.01953125 0.0640625
0 0.1078125 0.5890625 0.04609375 0.06953125
0 0.53203125 0.49296875 0.0359375 0.0828125
0 0.02578125 0.73671875 0.05078125 0.11796875
0 0.31953125 0.3328125 0.0171875 0.04453125
0 0.27890625 0.35546875 0.021875 0.0453125
0 0.7703125 0.6375 0.046875 0.14765625
0 0.73359375 0.61640625 0.0703125 0.20703125
0 0.01953125 0.52890625 0.0390625 0.16796875
0 0.321875 0.76640625 0.03515625 0.05078125
0 0.10625 0.465625 0.03515625 0.06484375
0 0.34921875 0.865625 0.08828125 0.26015625
0 0.2234375 0.3984375 0.021875 0.0453125
0 0.20859375 0.39375 0.0203125 0.03671875
0 0.83125 0.3734375 0.028125 0.06015625
0 0.1921875 0.47578125 0.04609375 0.10703125