0 0.22578125 0.478125 0.05546875 0.15234375
0 0.28671875 0.46484375 0.0609375 0.15546875
0 0.11484375 0.509375 0.0484375 0.18359375
0 0.140625 0.3734375 0.0234375 0.08984375
0 0.0359375 0.6890625 0.04609375 0.2015625
0 0.16953125 0.51875 0.053125 0.14375
0 0.2734375 0.35 0.03671875 0.08359375
0 0.16328125 0.43125 0.03125 0.0578125
0 0.06640625 0.38359375 0.03203125 0.0875
0 0.440625 0.30859375 0.03671875 0.12578125
0 0.475 0.36328125 0.03671875 0.1546875
0 0.23984375 0.35546875 0.028125 0.07734375
0 0.18828125 0.375 0.02734375 0.1078125
0 0.30078125 0.31015625 0.04140625 0.07421875
0 0.25390625 0.62421875 0.06796875 0.2640625
0 0.15703125 0.36171875 0.02265625 0.10859375
0 0.26171875 0.315625 0.02578125 0.0640625
0 0.478125 0.29375 0.02734375 0.11328125
0 0.42421875 0.3515625 0.03515625 0.1328125
0 0.38828125 0.38203125 0.0390625 0.15859375
0 0.12265625 0.4 0.03828125 0.0828125
0 0.22734375 0.4078125 0.0328125 0.05859375
0 0.0671875 0.44375 0.04140625 0.1703125
0 0.2 0.64375 0.065625 0.26015625
0 0.371875 0.50859375 0.0453125 0.11953125
0 0.49375 0.5453125 0.07890625 0.228125
0 0.34609375 0.35390625 0.03125 0.0953125
0 0.54453125 0.4015625 0.0375 0.13125
0 0.30546875 0.34296875 0.02734375 0.0734375
0 0.12421875 0.6796875 0.0671875 0.1515625
0 0.4 0.4828125 0.04453125 0.128125
0 0.07734375 0.62578125 0.05390625 0.084375
0 0.5703125 0.3921875 0.04375 0.14921875
0 0.65546875 0.4859375 0.046875 0.1546875
0 0.2015625 0.43828125 0.0328125 0.10390625
0 0.58828125 0.52578125 0.03046875 0.10078125
0 0.51640625 0.36171875 0.03828125 0.14140625
0 0.559375 0.53515625 0.0453125 0.11171875
0 0.52734375 0.7984375 0.08125 0.16796875
0 0.41953125 0.26796875 0.021875 0.08828125
0 0.34609375 0.44453125 0.03203125 0.0828125
0 0.809375 0.471875 0.0375 0.0796875
0 0.315625 0.39453125 0.04609375 0.128125
0 0.6859375 0.61328125 0.0609375 0.22421875
0 0.97421875 0.7296875 0.0515625 0.128125
0 0.0578125 0.5546875 0.05 0.096875
0 0.89140625 0.59140625 0.04453125 0.06875
0 0.7265625 0.6234375 0.0625 0.23984375
0 0.3609375 0.3265625 0.0328125 0.05859375
0 0.32265625 0.33984375 0.02421875 0.059375
0 0.50859375 0.28671875 0.0265625 0.121875
0 0.465625 0.52421875 0.04921875 0.14609375
0 0.77734375 0.3859375 0.01875 0.04453125
0 0.94453125 0.62578125 0.0421875 0.078125
0 0.31875 0.29375 0.0265625 0.0484375
0 0.81484375 0.43671875 0.01875 0.034375
0 0.71171875 0.33671875 0.01875 0.04921875
0 0.7 0.49296875 0.01953125 0.02265625
0 0.8453125 0.58125 0.01953125 0.03046875
0 0.93125 0.57265625 0.03984375 0.07265625
0 0.09765625 0.38203125 0.03203125 0.078125
0 0.81875 0.6859375 0.09296875 0.2515625
0 0.353125 0.50078125 0.03203125 0.09921875
0 0.3734375 0.36875 0.0328125 0.0765625
0 0.16015625 0.61875 0.04140625 0.1046875
0 0.07265625 0.7015625 0.05234375 0.1140625
0 0.7453125 0.5078125 0.01796875 0.01953125
0 0.4578125 0.3953125 0.02734375 0.09375
0 0.89296875 0.465625 0.0375 0.06484375
0 0.45234375 0.4875 0.02578125 0.0546875
0 0.90859375 0.5578125 0.0171875 0.04453125
0 0.71796875 0.30078125 0.0234375 0.06953125
0 0.92265625 0.5390625 0.0171875 0.0296875
0 0.4921875 0.5046875 0.0421875 0.1015625
0 0.6515625 0.65390625 0.02578125 0.05546875