0 0.71015625 0.84609375 0.0921875 0.3015625
0 0.64453125 0.66328125 0.065625 0.2328125
0 0.95625 0.86484375 0.08515625 0.26484375
0 0.665625 0.2453125 0.02421875 0.06953125
0 0.871875 0.859375 0.1125 0.278125
0 0.6546875 0.43125 0.0453125 0.1859375
0 0.69375 0.5984375 0.06015625 0.2046875
0 0.80078125 0.9265625 0.10078125 0.14296875
0 0.47109375 0.8421875 0.08515625 0.290625
0 0.19453125 0.475 0.03359375 0.078125
0 0.84375 0.61015625 0.06171875 0.25859375
0 0.90546875 0.428125 0.03671875 0.1140625
0 0.70078125 0.3546875 0.04296875 0.16484375
0 0.5515625 0.73515625 0.08359375 0.29296875
0 0.6078125 0.90390625 0.1125 0.19140625
0 0.07734375 0.53984375 0.0421875 0.1453125
0 0.88515625 0.5625 0.0609375 0.2140625
0 0.609375 0.69375 0.0578125 0.225
0 0.93125 0.56328125 0.05703125 0.21796875
0 0.88125 0.4046875 0.028125 0.11484375
0 0.75234375 0.6390625 0.07890625 0.2546875
0 0.78125 0.3515625 0.02734375 0.15703125
0 0.9296875 0.39140625 0.0296875 0.12265625
0 0.82109375 0.38125 0.0296875 0.1734375
0 0.27734375 0.746875 0.07265625 0.24296875
0 0.53671875 0.43515625 0.04921875 0.171875
0 0.7609375 0.41953125 0.04453125 0.16796875
0 0.684375 0.28046875 0.028125 0.10859375
0 0.9640625 0.553125 0.04375 0.19453125
0 0.6515625 0.3125 0.03828125 0.07265625
0 0.2328125 0.7453125 0.0828125 0.24375
0 0.08125 0.8703125 0.09453125 0.2328125
0 0.37578125 0.76640625 0.06953125 0.26875
0 0.12734375 0.48203125 0.025 0.078125
0 0.40546875 0.67109375 0.04921875 0.1125
0 0.328125 0.53125 0.05 0.13515625
0 0.58359375 0.50703125 0.04296875 0.16171875
0 0.4765625 0.5859375 0.0640625 0.18828125
0 0.73125 0.34296875 0.03203125 0.1234375
0 0.17734375 0.49140625 0.0265625 0.078125
0 0.4640625 0.36171875 0.03671875 0.15703125
0 0.575 0.278125 0.02578125 0.0859375
0 0.15625 0.48515625 0.0265625 0.0796875
0 0.11328125 0.48984375 0.02578125 0.09375
0 0.32109375 0.33515625 0.01640625 0.04453125
0 0.58828125 0.31484375 0.04765625 0.0984375
0 0.18359375 0.6515625 0.04453125 0.1546875
0 0.5765625 0.38984375 0.0453125 0.1390625
0 0.159375 0.628125 0.06015625 0.2015625
0 0.55625 0.26875 0.0203125 0.1
0 0.525 0.61953125 0.04453125 0.15859375
0 0.63671875 0.35859375 0.03046875 0.0859375
0 0.62109375 0.40546875 0.04296875 0.11328125
0 0.23203125 0.534375 0.040625 0.11640625
0 0.33125 0.42109375 0.02421875 0.05625
0 0.3703125 0.41640625 0.0296875 0.05703125
0 0.0265625 0.73984375 0.0515625 0.115625
0 0.80234375 0.3921875 0.04296875 0.20546875
0 0.2 0.57421875 0.046875 0.1171875
0 0.38125 0.48671875 0.04296875 0.13828125
0 0.15546875 0.55390625 0.0421875 0.07578125
0 0.10859375 0.55546875 0.04140625 0.13828125
0 0.22578125 0.4828125 0.02421875 0.08125
0 0.73046875 0.4765625 0.05390625 0.18515625
0 0.321875 0.71015625 0.05859375 0.27265625
0 0.43671875 0.60078125 0.05 0.14609375
0 0.1796875 0.90234375 0.10546875 0.18984375
0 0.36015625 0.528125 0.046875 0.16484375
0 0.3234375 0.46796875 0.025 0.0625
0 0.2625 0.3765625 0.02421875 0.0421875
0 0.13671875 0.778125 0.084375 0.18515625
0 0.496875 0.35703125 0.0390625 0.06796875
0 0.34609375 0.46484375 0.03046875 0.0796875
0 0.6140625 0.5109375 0.0484375 0.14375
0 0.2625 0.5328125 0.0296875 0.12578125
0 0.0140625 0.6171875 0.0265625 0.10625
0 0.21484375 0.4609375 0.021875 0.06875
0 0.06640625 0.453125 0.01953125 0.05078125
0 0.0890625 0.45703125 0.0203125 0.04375
0 0.1046875 0.93515625 0.053125 0.10078125
0 0.2234375 0.69140625 0.046875 0.08828125
0 0.4375 0.7671875 0.0609375 0.15390625
0 0.4703125 0.75703125 0.065625 0.0953125
0 0.76796875 0.6015625 0.03515625 0.0953125
0 0.25625 0.365625 0.0203125 0.02109375
0 0.328125 0.39296875 0.01796875 0.015625
0 0.06484375 0.81328125 0.04375 0.071875
0 0.12109375 0.434375 0.03046875 0.1015625