0 0.36875 0.6859375 0.0828125 0.26484375
0 0.021875 0.59296875 0.0421875 0.14375
0 0.0703125 0.5578125 0.04453125 0.13828125
0 0.02265625 0.72578125 0.04453125 0.1625
0 0.4640625 0.46328125 0.0484375 0.190625
0 0.953125 0.8625 0.09296875 0.2640625
0 0.728125 0.69375 0.11484375 0.23984375
0 0.90859375 0.80625 0.07734375 0.3234375
0 0.15703125 0.61171875 0.05859375 0.18203125
0 0.190625 0.84453125 0.0859375 0.290625
0 0.7515625 0.8609375 0.08359375 0.275
0 0.41640625 0.60234375 0.05703125 0.21015625
0 0.6828125 0.5828125 0.04453125 0.2046875
0 0.8421875 0.7171875 0.0796875 0.2546875
0 0.5171875 0.440625 0.05078125 0.18515625
0 0.834375 0.88828125 0.1 0.2234375
0 0.3 0.7984375 0.08125 0.30546875
0 0.1078125 0.6359375 0.05546875 0.17734375
0 0.23828125 0.6296875 0.06796875 0.2109375
0 0.5609375 0.415625 0.06171875 0.19765625
0 0.9609375 0.521875 0.05 0.1859375
0 0.61328125 0.421875 0.05390625 0.20390625
0 0.84609375 0.40703125 0.0390625 0.1296875
0 0.38125 0.42578125 0.046875 0.14296875
0 0.67578125 0.41328125 0.03828125 0.18828125
0 0.69375 0.36328125 0.0359375 0.1734375
0 0.3140625 0.5359375 0.05078125 0.18125
0 0.41015625 0.42109375 0.040625 0.13671875
0 0.72734375 0.45703125 0.059375 0.1671875
0 0.6421875 0.38515625 0.0453125 0.1734375
0 0.803125 0.6203125 0.0625 0.22421875
0 0.27109375 0.47109375 0.03515625 0.12578125
0 0.88046875 0.3734375 0.0390625 0.10390625
0 0.22890625 0.37890625 0.028125 0.06484375
0 0.9 0.5890625 0.05234375 0.13203125
0 0.81953125 0.38359375 0.04140625 0.11875
0 0.8921875 0.29296875 0.02109375 0.06796875
0 0.4765625 0.9625 0.096875 0.06875
0 0.9234375 0.4875 0.05078125 0.16171875
0 0.88203125 0.64765625 0.04921875 0.1828125
0 0.5109375 0.33046875 0.0453125 0.121875
0 0.1921875 0.48125 0.05390625 0.0875
0 0.225 0.56015625 0.04609375 0.09921875
0 0.77265625 0.47109375 0.04296875 0.1546875
0 0.91328125 0.34609375 0.021875 0.07890625
0 0.803125 0.42421875 0.03984375 0.1609375
0 0.78046875 0.3421875 0.0390625 0.128125
0 0.54453125 0.28828125 0.02109375 0.06171875
0 0.4984375 0.29296875 0.0375 0.07890625
0 0.34375 0.4421875 0.05078125 0.13515625
0 0.85234375 0.34375 0.04375 0.07265625
0 0.959375 0.6984375 0.078125 0.18828125
0 0.86796875 0.50234375 0.03984375 0.10078125
0 0.5109375 0.2765625 0.025 0.06953125
0 0.88984375 0.46953125 0.03359375 0.09140625
0 0.4015625 0.49609375 0.04375 0.0796875
0 0.4609375 0.3609375 0.05078125 0.109375
0 0.59296875 0.29140625 0.0265625 0.04765625