0 0.4109375 0.52578125 0.02890625 0.1015625
0 0.5234375 0.54609375 0.05703125 0.121875
0 0.48046875 0.54375 0.04609375 0.11875
0 0.7421875 0.42890625 0.03203125 0.08671875
0 0.42890625 0.4140625 0.02890625 0.078125
0 0.74921875 0.3515625 0.02578125 0.06796875
0 0.44296875 0.5390625 0.0375 0.109375
0 0.87578125 0.45546875 0.03125 0.07734375
0 0.67578125 0.33515625 0.02421875 0.053125
0 0.7 0.33828125 0.02578125 0.0546875
0 0.84140625 0.50390625 0.0453125 0.10390625
0 0.6703125 0.3015625 0.02734375 0.0515625
0 0.51796875 0.41875 0.03828125 0.07578125
0 0.615625 0.35703125 0.02890625 0.059375
0 0.77421875 0.4203125 0.0375 0.07734375
0 0.4921875 0.35078125 0.0265625 0.07109375
0 0.66875 0.40078125 0.02890625 0.065625
0 0.8890625 0.409375 0.02421875 0.065625
0 0.91953125 0.3828125 0.02265625 0.06875
0 0.428125 0.740625 0.06953125 0.28984375
0 0.48671875 0.421875 0.02890625 0.08203125
0 0.60234375 0.334375 0.02109375 0.0515625
0 0.49765625 0.31640625 0.021875 0.0609375
0 0.540625 0.34921875 0.02421875 0.05078125
0 0.53125 0.38515625 0.0328125 0.07578125
0 0.6234375 0.5171875 0.04375 0.10859375
0 0.903125 0.5890625 0.040625 0.10234375
0 0.8625 0.4046875 0.02734375 0.06796875
0 0.6953125 0.3703125 0.02890625 0.0625
0 0.90546875 0.45703125 0.03515625 0.08359375
0 0.6375 0.446875 0.03203125 0.08984375
0 0.85703125 0.36328125 0.02421875 0.065625
0 0.64140625 0.3609375 0.0265625 0.05234375
0 0.45625 0.4140625 0.0328125 0.0828125
0 0.56015625 0.3921875 0.02890625 0.08046875
0 0.7015625 0.4078125 0.03671875 0.07734375
0 0.78515625 0.55546875 0.0453125 0.1046875
0 0.61484375 0.5921875 0.04765625 0.12421875
0 0.57109375 0.49375 0.04140625 0.1046875
0 0.93515625 0.471875 0.0296875 0.09140625
0 0.62890625 0.3265625 0.02265625 0.0484375
0 0.80546875 0.3578125 0.0296875 0.06953125
0 0.740625 0.5421875 0.05078125 0.1046875
0 0.7265625 0.4625 0.0375 0.0796875
0 0.875 0.68984375 0.0671875 0.11875
0 0.94296875 0.6203125 0.04296875 0.09140625
0 0.66640625 0.4546875 0.03125 0.0765625
0 0.80078125 0.4953125 0.03671875 0.09140625
0 0.7640625 0.3828125 0.02734375 0.06328125
0 0.75703125 0.6375 0.059375 0.13515625
0 0.9625 0.6828125 0.04609375 0.18984375
0 0.84453125 0.43984375 0.03046875 0.06015625
0 0.94375 0.54453125 0.03828125 0.07734375
0 0.53359375 0.4828125 0.034375 0.0984375
0 0.77109375 0.3453125 0.025 0.04375
0 0.928125 0.690625 0.04921875 0.13125
0 0.76640625 0.48359375 0.0359375 0.0984375
0 0.7953125 0.396875 0.02734375 0.0734375
0 0.69609375 0.45625 0.03828125 0.0859375
0 0.728125 0.3859375 0.02890625 0.0703125
0 0.578125 0.3328125 0.02109375 0.05078125
0 0.50859375 0.46796875 0.02890625 0.08984375
0 0.8890625 0.371875 0.025 0.0671875
0 0.65078125 0.33984375 0.0265625 0.05625
0 0.465625 0.46875 0.03203125 0.0953125
0 0.5203125 0.31875 0.02265625 0.04375
0 0.7234375 0.33828125 0.02265625 0.05703125
0 0.81328125 0.64765625 0.05859375 0.140625
0 0.66484375 0.60625 0.046875 0.12265625
0 0.5609375 0.32734375 0.0234375 0.04765625
0 0.61015625 0.409375 0.03125 0.08203125
0 0.603125 0.49375 0.03203125 0.09921875
0 0.6625 0.52265625 0.04453125 0.10546875
0 0.58359375 0.39921875 0.0265625 0.07109375
0 0.515625 0.35390625 0.02421875 0.0546875
0 0.7 0.52421875 0.0359375 0.09765625
0 0.05703125 0.625 0.0453125 0.08203125
0 0.83203125 0.36640625 0.03125 0.07578125
0 0.109375 0.58984375 0.04296875 0.071875
0 0.66953125 0.365625 0.02578125 0.04921875
0 0.91484375 0.50078125 0.0375 0.08125
0 0.025 0.73671875 0.0484375 0.1203125
0 0.30390625 0.34609375 0.0203125 0.04609375
0 0.1890625 0.47734375 0.04453125 0.1015625
0 0.18515625 0.43515625 0.0171875 0.0359375
0 0.28203125 0.35859375 0.021875 0.04609375
0 0.22578125 0.3875 0.02109375 0.046875
0 0.0125 0.71015625 0.025 0.0625
0 0.10390625 0.46640625 0.02890625 0.06171875
0 0.31640625 0.33515625 0.02421875 0.0484375
0 0.04609375 0.59609375 0.0203125 0.0671875
0 0.07734375 0.5875 0.028125 0.090625
0 0.09453125 0.5515625 0.028125 0.0390625
0 0.21875 0.46953125 0.0265625 0.0921875
0 0.79765625 0.45078125 0.02890625 0.05
0 0.065625 0.5703125 0.01953125 0.04140625
0 0.88125 0.6125 0.0328125 0.06171875
0 0.4734375 0.35390625 0.02265625 0.0625