0 0.0953125 0.8609375 0.03515625 0.06484375
0 0.953125 0.3875 0.028125 0.125
0 0.11953125 0.9140625 0.08515625 0.17109375
0 0.96484375 0.87578125 0.06875 0.24453125
0 0.965625 0.4625 0.03046875 0.0890625
0 0.13125 0.5203125 0.05625 0.1484375
0 0.321875 0.32421875 0.0203125 0.0625
0 0.46953125 0.86953125 0.09375 0.2578125
0 0.190625 0.97578125 0.0453125 0.0453125
0 0.44453125 0.78203125 0.03828125 0.0546875
0 0.8703125 0.88359375 0.04140625 0.0640625
0 0.9265625 0.48203125 0.04375 0.134375
0 0.8359375 0.4796875 0.0375 0.1125
0 0.7578125 0.6109375 0.05546875 0.2390625
0 0.67265625 0.43671875 0.028125 0.0671875
0 0.0984375 0.5375 0.04375 0.1484375
0 0.7984375 0.5109375 0.04296875 0.1265625
0 0.9203125 0.38515625 0.0296875 0.11875
0 0.690625 0.32265625 0.0359375 0.16015625
0 0.65625 0.86015625 0.096875 0.27265625
0 0.80234375 0.32578125 0.028125 0.1078125
0 0.84296875 0.4171875 0.03828125 0.1171875
0 0.6578125 0.328125 0.0328125 0.1421875
0 0.04296875 0.571875 0.046875 0.1453125
0 0.78828125 0.8078125 0.08203125 0.321875
0 0.8625 0.53828125 0.04765625 0.15859375
0 0.01875 0.5453125 0.0375 0.14296875
0 0.17578125 0.48125 0.01953125 0.078125
0 0.8640625 0.33359375 0.034375 0.090625
0 0.71640625 0.615625 0.04453125 0.24453125
0 0.77265625 0.35625 0.03515625 0.11875
0 0.9546875 0.6296875 0.07578125 0.23984375
0 0.290625 0.3484375 0.01484375 0.040625
0 0.07421875 0.53515625 0.04375 0.15234375
0 0.20625 0.36953125 0.03046875 0.10078125
0 0.60625 0.6625 0.0640625 0.2640625
0 0.796875 0.6046875 0.04375 0.1328125
0 0.87890625 0.4125 0.0375 0.12109375
0 0.6375 0.3296875 0.02890625 0.14765625
0 0.57109375 0.85625 0.07421875 0.28359375
0 0.63671875 0.49765625 0.03828125 0.140625
0 0.27734375 0.3296875 0.025 0.07578125
0 0.64375 0.6359375 0.02890625 0.05625
0 0.221875 0.38125 0.02109375 0.065625
0 0.83515625 0.721875 0.059375 0.28125
0 0.88515625 0.6453125 0.04921875 0.20078125
0 0.6828125 0.55546875 0.0375 0.1671875
0 0.13671875 0.45078125 0.0265625 0.05625
0 0.5 0.31015625 0.0296875 0.08671875
0 0.77421875 0.4390625 0.0421875 0.10390625
0 0.64375 0.73203125 0.05390625 0.2640625
0 0.6921875 0.24765625 0.01953125 0.04140625
0 0.121875 0.475 0.01796875 0.04375
0 0.025 0.7171875 0.04921875 0.15234375
0 0.90859375 0.60625 0.04765625 0.1390625
0 0.6703125 0.48671875 0.03046875 0.13359375
0 0.96328125 0.5609375 0.0515625 0.10078125
0 0.803125 0.74453125 0.05234375 0.14765625
0 0.03515625 0.5234375 0.02734375 0.0578125
0 0.0640625 0.4984375 0.02421875 0.065625
0 0.45 0.740625 0.02890625 0.0453125
0 0.6921875 0.23359375 0.0140625 0.01875
0 0.34609375 0.31875 0.01953125 0.06484375
0 0.9796875 0.6234375 0.03125 0.078125
0 0.7109375 0.25859375 0.01953125 0.0375
0 0.86640625 0.95703125 0.04921875 0.08046875
0 0.47578125 0.80859375 0.06875 0.08984375
0 0.68203125 0.66875 0.02734375 0.09375