0 0.5078125 0.35 0.0265625 0.07265625
0 0.32578125 0.33515625 0.02421875 0.05625
0 0.54375 0.41484375 0.03359375 0.08203125
0 0.1109375 0.40703125 0.0265625 0.0671875
0 0.13828125 0.4046875 0.02890625 0.06875
0 0.51328125 0.4203125 0.0296875 0.08515625
0 0.25 0.3546875 0.02578125 0.078125
0 0.1421875 0.36171875 0.0265625 0.0609375
0 0.259375 0.43203125 0.03359375 0.09140625
0 0.48203125 0.42109375 0.03828125 0.0765625
0 0.30546875 0.36640625 0.028125 0.05703125
0 0.09921875 0.59296875 0.03984375 0.1
0 0.52109375 0.54296875 0.0453125 0.11796875
0 0.24453125 0.6390625 0.0640625 0.12421875
0 0.26171875 0.54140625 0.0546875 0.1109375
0 0.46953125 0.38359375 0.03359375 0.08125
0 0.46875 0.48515625 0.03671875 0.1
0 0.43828125 0.328125 0.02265625 0.0515625
0 0.384375 0.359375 0.028125 0.06171875
0 0.20390625 0.39765625 0.0265625 0.07421875
0 0.5890625 0.5265625 0.0296875 0.103125
0 0.5578125 0.5453125 0.0359375 0.09453125
0 0.0359375 0.6828125 0.0453125 0.1984375
0 0.29765625 0.3390625 0.0234375 0.05859375
0 0.08125 0.3828125 0.0234375 0.0703125
0 0.2375 0.38125 0.025 0.065625
0 0.4765625 0.5484375 0.06328125 0.1234375
0 0.390625 0.4265625 0.0296875 0.0765625
0 0.3046875 0.46796875 0.03828125 0.1046875
0 0.3296875 0.4015625 0.02890625 0.0625
0 0.39765625 0.49453125 0.03359375 0.09140625
0 0.50234375 0.31484375 0.021875 0.0578125
0 0.49296875 0.4671875 0.028125 0.090625
0 0.35859375 0.3609375 0.02734375 0.053125
0 0.09609375 0.45390625 0.0328125 0.0859375
0 0.3703125 0.32734375 0.0203125 0.05078125
0 0.27265625 0.46953125 0.03515625 0.08671875
0 0.33046875 0.2984375 0.0265625 0.04921875
0 0.15859375 0.50625 0.04609375 0.09921875
0 0.2984375 0.40546875 0.034375 0.078125
0 0.46015625 0.346875 0.02421875 0.0515625
0 0.16796875 0.36640625 0.0296875 0.0765625
0 0.4203125 0.33125 0.0203125 0.05078125
0 0.3484375 0.3375 0.0296875 0.0578125
0 0.1984375 0.490625 0.0359375 0.09765625
0 0.36171875 0.44609375 0.0328125 0.09140625
0 0.22890625 0.34765625 0.02890625 0.05546875
0 0.2734375 0.38203125 0.028125 0.06953125
0 0.571875 0.4125 0.028125 0.08203125
0 0.396875 0.33515625 0.01875 0.04921875
0 0.0875 0.509375 0.03984375 0.1
0 0.3421875 0.60859375 0.0546875 0.11796875
0 0.3765625 0.5203125 0.04375 0.10546875
0 0.05625 0.6203125 0.0390625 0.08671875
0 0.12265625 0.4578125 0.0296875 0.07109375
0 0.3875 0.6 0.04765625 0.10625
0 0.33125 0.365625 0.0265625 0.053125
0 0.33359375 0.4546875 0.03125 0.0796875
0 0.06484375 0.4703125 0.03125 0.08828125
0 0.43046875 0.4953125 0.040625 0.0984375
0 0.296875 0.51875 0.0390625 0.1109375
0 0.6796875 0.33515625 0.01796875 0.0421875
0 0.33828125 0.5171875 0.040625 0.11015625
0 0.15390625 0.44296875 0.0328125 0.06015625
0 0.975 0.7359375 0.04921875 0.11875
0 0.415625 0.3953125 0.02890625 0.07578125
0 0.12421875 0.690625 0.06796875 0.1203125
0 0.071875 0.69453125 0.05078125 0.12734375
0 0.21640625 0.5578125 0.04140625 0.09765625
0 0.19609375 0.35859375 0.028125 0.0703125
0 0.440625 0.39140625 0.02734375 0.0796875
0 0.7265625 0.3546875 0.01484375 0.03984375
0 0.234375 0.4890625 0.0390625 0.09609375
0 0.1875 0.640625 0.0578125 0.15078125
0 0.27578125 0.340625 0.0234375 0.059375
0 0.225 0.41640625 0.03515625 0.078125
0 0.81484375 0.43359375 0.01640625 0.034375
0 0.109375 0.36953125 0.028125 0.065625
0 0.553125 0.73359375 0.07109375 0.2875
0 0.48359375 0.3515625 0.025 0.06328125
0 0.53515625 0.47265625 0.03046875 0.08125
0 0.69296875 0.340625 0.02109375 0.04765625
0 0.0546875 0.5421875 0.040625 0.0796875
0 0.7765625 0.39296875 0.02421875 0.05
0 0.890625 0.4515625 0.01328125 0.0296875
0 0.8984375 0.465625 0.02890625 0.05859375
0 0.890625 0.590625 0.04375 0.07109375
0 0.94140625 0.62421875 0.04375 0.08515625
0 0.95390625 0.596875 0.02109375 0.065625
0 0.81171875 0.48125 0.0515625 0.1015625
0 0.91875 0.5609375 0.0203125 0.04765625
0 0.93359375 0.5828125 0.0234375 0.0640625
0 0.925 0.603125 0.02578125 0.071875
0 0.8890625 0.64375 0.03359375 0.0546875
0 0.57109375 0.68671875 0.059375 0.11484375