0 0.72421875 0.3546875 0.01953125 0.04765625
0 0.08125 0.396875 0.034375 0.103125
0 0.334375 0.24921875 0.02734375 0.08046875
0 0.6796875 0.33515625 0.01796875 0.0359375
0 0.51796875 0.2625 0.0203125 0.04453125
0 0.79921875 0.5203125 0.0546875 0.15625
0 0.47109375 0.41640625 0.04453125 0.18515625
0 0.42265625 0.50078125 0.0546875 0.1984375
0 0.48984375 0.2671875 0.02421875 0.0578125
0 0.6859375 0.46796875 0.0578125 0.18203125
0 0.1890625 0.4140625 0.040625 0.18359375
0 0.32734375 0.396875 0.053125 0.184375
0 0.19140625 0.60859375 0.04765625 0.1375
0 0.1484375 0.52265625 0.059375 0.16875
0 0.11484375 0.50234375 0.03671875 0.084375
0 0.75 0.55625 0.059375 0.21015625
0 0.01953125 0.61015625 0.03828125 0.07578125
0 0.58203125 0.5375 0.05625 0.21875
0 0.18671875 0.56875 0.0359375 0.05234375
0 0.52265625 0.41953125 0.040625 0.18203125
0 0.603125 0.4140625 0.0453125 0.09765625
0 0.078125 0.48671875 0.0359375 0.11953125
0 0.0578125 0.615625 0.03359375 0.1078125
0 0.94609375 0.55703125 0.040625 0.1390625
0 0.140625 0.75078125 0.06171875 0.16953125
0 0.3125 0.2703125 0.0265625 0.08203125
0 0.23046875 0.33125 0.01953125 0.0515625
0 0.22265625 0.4796875 0.04921875 0.19765625
0 0.1828125 0.33984375 0.0265625 0.06171875
0 0.24765625 0.365625 0.02734375 0.0796875
0 0.1546875 0.390625 0.025 0.1078125
0 0.61875 0.5703125 0.0625 0.240625
0 0.44765625 0.2515625 0.025 0.05390625
0 0.828125 0.5078125 0.053125 0.1484375
0 0.90546875 0.59296875 0.0640625 0.14609375
0 0.2640625 0.35078125 0.025 0.0515625
0 0.02734375 0.7109375 0.0546875 0.196875
0 0.56328125 0.38125 0.0375 0.134375
0 0.23359375 0.9015625 0.0875 0.1921875
0 0.0234375 0.49453125 0.0453125 0.13125
0 0.03984375 0.88984375 0.078125 0.21953125
0 0.075 0.75859375 0.06875 0.17734375
0 0.26875 0.46015625 0.04609375 0.19921875
0 0.4953125 0.2953125 0.034375 0.06796875
0 0.2921875 0.67421875 0.04296875 0.10859375
0 0.9296875 0.5171875 0.03203125 0.06171875
0 0.234375 0.765625 0.059375 0.1703125
0 0.16328125 0.878125 0.08046875 0.23203125
0 0.21640625 0.334375 0.01953125 0.0484375
0 0.3953125 0.4375 0.0484375 0.19140625
0 0.71875 0.51484375 0.05390625 0.18125
0 0.97578125 0.68359375 0.046875 0.2
0 0.85546875 0.55546875 0.05546875 0.15703125
0 0.95703125 0.8296875 0.03125 0.04140625
0 0.9171875 0.903125 0.1046875 0.19140625
0 0.9671875 0.58359375 0.046875 0.15859375
0 0.13515625 0.38359375 0.02265625 0.09296875
0 0.3875 0.3140625 0.02734375 0.07109375
0 0.9203125 0.56875 0.0328125 0.0578125
0 0.7046875 0.6015625 0.04140625 0.10546875
0 0.42265625 0.31640625 0.04296875 0.0859375
0 0.11484375 0.62109375 0.0546875 0.1234375
0 0.17265625 0.446875 0.03359375 0.1625
0 0.60078125 0.3546875 0.04375 0.0796875
0 0.0546875 0.5671875 0.03359375 0.090625
0 0.91484375 0.46875 0.02890625 0.07109375
0 0.109375 0.46484375 0.02890625 0.08046875
0 0.4359375 0.45234375 0.03984375 0.071875
0 0.1 0.9078125 0.065625 0.140625
0 0.21171875 0.8078125 0.040625 0.07265625
0 0.21796875 0.675 0.046875 0.0734375
0 0.01484375 0.65078125 0.02890625 0.05859375
0 0.49375 0.40546875 0.0453125 0.08828125
0 0.3765625 0.37265625 0.0390625 0.12578125
0 0.2578125 0.6375 0.0484375 0.11875
0 0.01796875 0.91484375 0.03515625 0.1375
0 0.26796875 0.73984375 0.04453125 0.1796875
0 0.90234375 0.521875 0.0296875 0.0625
0 0.79296875 0.45625 0.0203125 0.04765625
0 0.9171875 0.44609375 0.01875 0.03203125
0 0.1953125 0.70234375 0.040625 0.1234375